[0m[ INFO] [1458785048.674835487]: Starting ZmartImgFusin Node...[0m
0.000540836 -0.000171532 0.495
0.00115139 -0.000486967 0.493
0.00179798 -0.000901864 0.493
0.00243292 -0.00130874 0.495
0.00300427 -0.00163763 0.495
0.00351911 -0.00189345 0.495
0.00399461 -0.00209849 0.495
0.0045019 -0.0023058 0.494
0.00500511 -0.00249307 0.494
0.00546668 -0.00264627 0.494
0.00594049 -0.00280619 0.494
0.00630103 -0.00289706 0.495
0.00673409 -0.00304399 0.495
0.00706646 -0.00312797 0.495
0.00746532 -0.00326247 0.495
0.00777685 -0.00334281 0.495
0.00814274 -0.00346514 0.495
0.00848787 -0.00357323 0.501
0.00877241 -0.00365532 0.501
0.0092931 -0.00385494 0.505
0.00953959 -0.00388038 0.505
0.00963327 -0.00384159 0.501
0.00988726 -0.00391017 0.501
0.0102517 -0.00402065 0.501
0.0105057 -0.00406369 0.501
0.0106116 -0.00403946 0.502
0.0108183 -0.0040831 0.502
0.0109705 -0.00409649 0.496
0.011157 -0.00413192 0.496
0.0113445 -0.00416997 0.496
0.0114377 -0.00416266 0.496
0.0116148 -0.00420747 0.494
0.0117602 -0.00423235 0.494
0.0117881 -0.00420088 0.494
0.0119056 -0.00422817 0.496
0.0119693 -0.00422471 0.496
0.0120779 -0.00424837 0.497
0.0121187 -0.00423626 0.497
0.0122193 -0.00425591 0.497
0.0123974 -0.00431363 0.5
0.0124336 -0.00429518 0.5
0.0124769 -0.00429469 0.5
0.0125669 -0.00432406 0.5
0.0126269 -0.00433573 0.5
0.0126891 -0.00435167 0.5
0.0126968 -0.00434004 0.5
0.0127634 -0.00436609 0.5
0.0128385 -0.0043929 0.5
0.0128689 -0.00439867 0.495
0.0129141 -0.00442317 0.495
0.0129372 -0.00443613 0.493
0.0129714 -0.00445703 0.493
0.0129849 -0.00446571 0.493
0.0129441 -0.00444592 0.493
0.0129663 -0.00446822 0.493
0.0129231 -0.00444901 0.493
0.0130033 -0.00450336 0.493
0.0130333 -0.00451804 0.493
0.0130165 -0.00450486 0.493
0.0130582 -0.00452095 0.493
0.0130672 -0.00451366 0.493
0.0143736 -0.00527423 0.493
0.0140276 -0.00507313 0.493
0.0138109 -0.00493967 0.493
0.0137073 -0.0048393 0.493
0.0136766 -0.00477581 0.493
0.0136058 -0.00469904 0.493
0.0135521 -0.00464797 0.493
0.0135838 -0.00464992 0.493
0.0136088 -0.004639 0.493
0.0136287 -0.00462494 0.493
0.0136575 -0.00461649 0.493
0.0136844 -0.00460741 0.493
0.0137136 -0.00460022 0.493
0.0137428 -0.0045936 0.494
0.0137712 -0.00458746 0.494
0.0140325 -0.00469004 0.494
0.0140734 -0.0046692 0.494
0.0142627 -0.00473331 0.494
0.014428 -0.00478761 0.494
0.0145979 -0.00484772 0.494
0.0163922 -0.00587205 0.494
0.0163122 -0.00583844 0.493
0.0179784 -0.00689261 0.493
0.0166655 -0.00600065 0.493
0.0162639 -0.00571486 0.493
0.0159524 -0.00541912 0.493
0.01581 -0.00528698 0.493
0.0157228 -0.00524063 0.491
0.0155775 -0.00519057 0.491
0.0155242 -0.00525141 0.491
0.0155588 -0.00539059 0.491
0.0155996 -0.00552933 0.491
0.0156533 -0.00567801 0.491
0.0156318 -0.00576142 0.491
0.015704 -0.00593389 0.491
0.0157537 -0.00610105 0.491
0.0157185 -0.00614294 0.491
0.0157347 -0.00619315 0.491
0.0157185 -0.00619304 0.491
0.0157597 -0.00621289 0.491
0.0157234 -0.00617187 0.491
0.0157644 -0.00617411 0.491
0.0158179 -0.00617267 0.493
0.015784 -0.00611838 0.493
0.0158915 -0.00613393 0.493
0.0160741 -0.00609798 0.493
0.0162839 -0.00603657 0.493
0.0164986 -0.00595978 0.493
0.0184523 -0.00655604 0.493
0.0179639 -0.00626079 0.493
0.0176972 -0.00603809 0.493
0.0175898 -0.00584994 0.493
0.0175657 -0.00568804 0.493
0.017625 -0.00555724 0.493
0.0175877 -0.00541545 0.493
0.0172761 -0.00524564 0.493
0.0170668 -0.00516449 0.493
0.0168468 -0.00509066 0.493
0.0165817 -0.00500175 0.493
0.0164066 -0.0049646 0.493
0.0175601 -0.00560775 0.493
0.0169626 -0.00533921 0.493
0.0165644 -0.00518422 0.493
0.0162726 -0.00506 0.493
0.0160422 -0.00495607 0.493
0.0157391 -0.00483286 0.493
0.0155356 -0.00479474 0.493
0.0153457 -0.00476778 0.493
0.0151134 -0.00471547 0.493
0.0149404 -0.00470611 0.493
0.0147297 -0.00466699 0.493
0.0145837 -0.00467096 0.493
0.0144529 -0.00467554 0.493
0.014284 -0.00464971 0.493
0.0141331 -0.00464664 0.493
0.0139164 -0.00465564 0.499
0.0137041 -0.00470016 0.499
0.0134484 -0.00470497 0.499
0.0132427 -0.00477065 0.499
0.0130531 -0.0048421 0.499
0.0128228 -0.0048556 0.499
0.0126525 -0.00493725 0.499
0.0124393 -0.00495068 0.499
0.0123118 -0.0050619 0.466
0.0121821 -0.00512075 0.466
0.0120715 -0.00515517 0.466
0.0120023 -0.00521672 0.466
0.0119586 -0.00529047 0.466
0.011851 -0.00529196 0.466
0.0117839 -0.00533908 0.433
0.0116811 -0.00534461 0.433
0.0116223 -0.00539663 0.433
0.0115264 -0.0054022 0.433
0.0115279 -0.00550226 0.433
0.0114614 -0.0055187 0.433
0.0114759 -0.00552842 0.433
0.0114684 -0.00548264 0.433
0.0115223 -0.00545458 0.433
0.0115916 -0.00541679 0.433
0.0116584 -0.00536756 0.433
0.0117295 -0.00531639 0.433
0.0117966 -0.00526191 0.433
0.0118623 -0.00520755 0.433
0.0120054 -0.00518074 0.433
0.0120542 -0.0050901 0.433
0.0121798 -0.00502992 0.433
0.0122322 -0.00494082 0.438
0.0124621 -0.00491815 0.438
0.0125969 -0.00485428 0.438
0.0126734 -0.00477561 0.438
0.0127454 -0.00470415 0.438
0.0128555 -0.00465047 0.438
0.012954 -0.00459442 0.457
0.0129985 -0.00454318 0.457
0.0128643 -0.00446448 0.457
0.0127492 -0.00442376 0.457
0.0125821 -0.00436031 0.457
0.0124563 -0.0043259 0.457
0.0123305 -0.00428822 0.457
0.0122165 -0.0042554 0.457
0.012107 -0.00422378 0.457
0.012003 -0.0041936 0.457
0.0119066 -0.0041662 0.457
0.0118706 -0.00410019 0.457
0.0118786 -0.00408429 0.457
0.0119866 -0.00417375 0.457
0.0120335 -0.00423735 0.457
0.0121556 -0.0043883 0.457
0.0122675 -0.00453515 0.457
0.0123913 -0.00469781 0.457
0.0125104 -0.0048581 0.457
0.012567 -0.00496448 0.457
0.012684 -0.00513528 0.457
0.0127614 -0.00525317 0.457
0.0129973 -0.00534531 0.457
0.0133077 -0.00540081 0.457
0.0135435 -0.00538516 0.457
0.0138536 -0.00538448 0.457
0.0140493 -0.00532963 0.457
0.0143387 -0.00530923 0.457
0.0146753 -0.00529684 0.457
0.0149574 -0.00526281 0.457
0.0150522 -0.0051723 0.434
0.015252 -0.00516073 0.434
0.0153481 -0.00509141 0.434
0.0153556 -0.00498354 0.434
0.0154229 -0.00488046 0.434
0.0155047 -0.00477001 0.434
0.0154934 -0.004639 0.434
0.0155636 -0.00452494 0.434
0.0155843 -0.00440414 0.434
0.0156782 -0.00429759 0.434
0.0156354 -0.0041721 0.434
0.0157196 -0.0040582 0.434
0.0157219 -0.00395557 0.434
0.0158512 -0.0039039 0.434
0.015994 -0.00386914 0.438
0.0160335 -0.00381697 0.438
0.0161768 -0.00380384 0.465
0.0163107 -0.00378967 0.465
0.0166987 -0.00384789 0.465
0.016868 -0.00383593 0.465
0.016574 -0.00369487 0.465
0.0166361 -0.00368562 0.465
0.0166129 -0.00367763 0.465
0.0166899 -0.00373559 0.465
0.0167759 -0.0038059 0.465
0.0167624 -0.00383715 0.465
0.017049 -0.0040202 0.465
0.0173579 -0.00419125 0.465
0.017672 -0.00435471 0.465
0.0177906 -0.00441941 0.465
0.0177284 -0.00444063 0.465
0.0191815 -0.00526214 0.465
0.0186184 -0.00503441 0.465
0.0183047 -0.00494365 0.465
0.0180744 -0.00484829 0.465
0.0178152 -0.00473247 0.465
0.0176784 -0.00468164 0.465
0.0175431 -0.00463016 0.465
0.0173796 -0.00457074 0.465
0.0172837 -0.00454372 0.465
0.0171084 -0.00447581 0.465
0.0170011 -0.00447161 0.465
0.0168172 -0.00443889 0.465
0.0167025 -0.00445503 0.465
0.0166028 -0.00447852 0.465
0.0165125 -0.00450573 0.465
0.0164264 -0.00453311 0.465
0.016338 -0.00455649 0.465
0.0162023 -0.00455185 0.465
0.0161219 -0.0045819 0.465
0.0159927 -0.00457877 0.465
0.0160151 -0.00461561 0.465
0.015943 -0.0045816 0.465
0.0160235 -0.00460668 0.465
0.0160501 -0.00459379 0.465
0.0160144 -0.0045549 0.465
0.0160335 -0.00454161 0.465
0.0160379 -0.00451925 0.465
0.0160645 -0.00450595 0.465
0.0160882 -0.00449034 0.465
0.0159916 -0.00442856 0.465
0.0158387 -0.00444234 0.465
0.0155809 -0.00442828 0.465
0.0153798 -0.00449286 0.465
0.0151845 -0.0045635 0.465
0.0149987 -0.00463984 0.465
0.0148262 -0.00472327 0.465
0.0146136 -0.00476064 0.465
0.0144621 -0.00485573 0.465
0.014251 -0.00487688 0.465
0.0141854 -0.0050164 0.465
0.0141943 -0.00502725 0.465
0.0142636 -0.00498445 0.465
0.0143199 -0.00489425 0.465
0.0143189 -0.0047716 0.465
0.0143701 -0.00464965 0.465
0.0143956 -0.00451665 0.465
0.014365 -0.00437563 0.465
0.0144083 -0.00424652 0.465
0.014377 -0.00410975 0.465
0.014439 -0.00397929 0.465
0.0143794 -0.0038879 0.465
0.0142976 -0.00382859 0.465
0.0142081 -0.00378878 0.465
0.0141071 -0.0037575 0.465
0.0140184 -0.00374089 0.465
0.0139224 -0.00372373 0.465
0.0137815 -0.00368753 0.465
0.0137234 -0.00369516 0.465
0.0135917 -0.00366267 0.465
0.013472 -0.00354758 0.465
0.0131805 -0.00381314 0.465
0.0128544 -0.0043944 0.461
0.0125123 -0.00506238 0.461
0.0121536 -0.00560432 0.461
0.0118112 -0.00627658 0.461
0.0114953 -0.00711919 0.57
0.0111982 -0.00796894 0.57
0.0109094 -0.00871285 0.57
0.0107506 -0.00977519 0.567
0.0106819 -0.0101654 0.567
0.0106976 -0.0104413 0.567
0.0107677 -0.0106175 0.567
0.0108372 -0.010671 0.567
0.0109199 -0.0106717 0.567
0.0109442 -0.0105625 0.567
0.0110259 -0.0105025 0.567
0.0110892 -0.0103984 1.498
0.0111757 -0.0103101 1.498
0.0111899 -0.0102078 3.258
0.0110525 -0.0100486 3.258
0.0109085 -0.0099448 3.257
0.0107897 -0.00985369 3.257
0.0107097 -0.00975986 3.257
0.0107168 -0.00973548 3.257
0.0107101 -0.00967487 3.257
0.0108352 -0.00983551 3.257
0.0109443 -0.00993443 3.257
0.0111438 -0.0101936 3.257
0.0113876 -0.0104489 3.257
0.011723 -0.0107308 3.257
0.0120904 -0.0110295 0.3
0.0124406 -0.0113076 0.3
0.0127949 -0.0115935 0.3
0.0131156 -0.0118219 0.3
0.0132988 -0.0118818 0.3
0.0135659 -0.0121015 0.3
0.013711 -0.0121668 0.3
0.0139442 -0.0124012 0.3
0.0140906 -0.0126852 0.3
0.0140554 -0.0126761 0.3
0.0140373 -0.0126365 0.3
0.0139323 -0.0124304 0.3
0.0138577 -0.0122055 0.355
0.0137167 -0.0118949 0.355
0.0136356 -0.0116119 0.394
0.0135032 -0.0112855 0.394
0.0134358 -0.0110008 0.471
0.0133769 -0.0107169 0.471
0.0132573 -0.0103578 0.534
0.0130219 -0.00902141 0.534
0.012407 -0.00477882 0.534
0.0113808 0.00275634 0.534
0.0100834 0.0106127 0.617
0.0082349 0.0180383 0.617
0.00621472 0.0252532 0.777
0.00438953 0.0333574 0.777
0.00260037 0.0395264 0.856
0.00177725 0.0465084 0.856
0.00158762 0.0558768 0.94
0.00201902 0.0652897 0.94
0.0019516 0.0744974 1.022
0.00241472 0.0853715 1.022
0.00609333 0.093801 1.114
0.0173981 0.103011 1.114
0.0261129 0.109826 1.114
0.031913 0.11381 1.114
0.0375118 0.116238 1.114
0.047021 0.118653 1.114
0.0581912 0.120024 1.114
0.0706494 0.122628 1.183
0.0844763 0.124913 1.183
0.0987483 0.128516 1.183
0.111637 0.13311 1.356
0.155166 0.140778 1.356
0.195981 0.14829 1.378
0.233807 0.154826 1.378
0.269194 0.159765 1.404
0.305989 0.162934 1.404
0.341228 0.163324 1.404
0.373978 0.162491 1.428
0.405185 0.161923 1.428
0.436636 0.159095 1.431
0.466228 0.155002 1.431
0.494361 0.150799 1.453
0.523572 0.148632 1.453
0.551305 0.145743 1.453
0.57568 0.13883 1.453
0.599887 0.133063 1.453
0.624013 0.130139 1.453
0.647754 0.128175 1.457
0.670633 0.12571 1.457
0.692803 0.124132 1.486
0.714829 0.122535 1.486
0.737592 0.121675 1.503
0.760284 0.120256 1.503
0.794872 0.113674 1.514
0.812402 0.105484 1.514
0.828394 0.0976681 1.524
0.843608 0.0906482 1.524
0.858176 0.0816611 1.54
0.871478 0.0733926 1.54
0.883834 0.0659369 1.549
0.895373 0.058711 1.549
0.906207 0.0539503 1.568
0.916449 0.0508947 1.568
0.925547 0.0511902 1.571
0.937434 0.0538562 1.586
0.950634 0.0529135 1.586
0.963227 0.0509386 1.593
0.973016 0.0484416 1.593
0.980429 0.0467897 1.605
0.986566 0.0466538 1.605
0.994542 0.0503611 1.622
1.0061 0.0551589 1.622
1.01863 0.0601121 1.623
1.02839 0.0632731 1.623
1.03757 0.0651887 1.641
1.04414 0.0634703 1.641
1.05213 0.0604615 1.655
1.06125 0.0590743 1.655
1.06617 0.0597503 1.666
1.06919 0.0629189 1.666
1.07018 0.0656872 1.666
1.07208 0.0686952 1.666
1.07701 0.0716205 1.681
1.08538 0.073396 1.681
1.0958 0.074206 1.702
1.10544 0.073472 1.702
1.11401 0.0713528 1.724
1.12132 0.0690615 1.724
1.12854 0.0677801 1.726
1.14215 0.0673067 1.726
1.15648 0.0686227 1.756
1.17028 0.0695004 1.756
1.18263 0.0714556 1.761
1.19449 0.0723803 1.761
1.20417 0.0720882 1.779
1.21131 0.0719556 1.779
1.21544 0.0738499 1.795
1.21783 0.0753024 1.795
1.22047 0.0768806 1.801
1.22392 0.0781964 1.801
1.2288 0.0798066 1.816
1.23531 0.0797 1.816
1.2416 0.0811338 1.821
1.24752 0.0829843 1.822
1.25273 0.0853107 1.822
1.25659 0.0876009 1.821
1.25765 0.0876678 1.821
1.2565 0.0858202 1.812
1.2557 0.0816682 1.812
1.25412 0.0760971 1.812
1.25531 0.0694348 1.809
1.25872 0.0616148 1.809
1.2626 0.05449 1.768
1.26545 0.0474141 1.768
1.26689 0.0420779 1.768
1.26797 0.0373566 1.768
1.27137 0.0324411 1.752
1.27718 0.0259425 1.752
1.28562 0.0158645 1.75
1.29583 0.00718525 1.75
1.30503 -0.00300896 1.75
1.31105 -0.0146711 1.75
1.31617 -0.0268638 1.754
1.32251 -0.0370329 1.754
1.33164 -0.0493318 1.759
1.34016 -0.0593849 1.77
1.34676 -0.0652393 1.77
1.35192 -0.0691342 1.779
1.35783 -0.0720172 1.779
1.36332 -0.0761704 1.78
1.36888 -0.0817012 1.78
1.37273 -0.0854487 1.802
1.37377 -0.0856816 1.802
1.37392 -0.083088 1.817
1.37521 -0.080459 1.817
1.37799 -0.07814 1.817
1.37928 -0.0749504 1.817
1.3799 -0.0704925 1.831
1.37958 -0.061739 1.831
1.37867 -0.0549283 1.855
1.37763 -0.0500839 1.855
1.38064 -0.0432062 1.86
1.38772 -0.0283186 1.86
1.39373 -0.0119601 1.885
1.39913 0.00171873 1.885
1.40317 0.0112563 1.889
1.40738 0.0187146 1.889
1.41083 0.0284932 1.901
1.41417 0.0388609 1.901
1.41994 0.0479581 1.909
1.42747 0.0520499 1.909
1.43582 0.0531963 1.916
1.44296 0.0507074 1.916
1.44813 0.0513793 1.945
1.45193 0.0548117 1.945
1.45556 0.0589016 1.952
1.45773 0.0632303 1.952
1.45667 0.0662866 1.952
1.45244 0.0681704 1.952
1.44772 0.0699445 1.966
1.44664 0.0689654 1.966
1.44594 0.0711168 1.966
1.44212 0.0751265 1.966
1.43937 0.078188 1.998
1.43714 0.080031 1.998
1.44008 0.0831971 2.014
1.44787 0.0882568 2.014
1.4565 0.0948313 2.025
1.46255 0.10354 2.025
1.46737 0.108275 2.041
1.4765 0.108628 2.041
1.48681 0.109426 2.041
1.494 0.111128 2.041
1.49879 0.113086 2.055
1.50524 0.115483 2.055
1.51513 0.119563 2.068
1.5259 0.124149 2.068
1.53248 0.12303 2.086
1.53414 0.116246 2.086
1.53621 0.112096 2.088
1.54128 0.114364 2.086
1.54689 0.116707 2.086
1.55244 0.117308 2.08
1.5559 0.119129 2.08
1.55815 0.120657 2.033
1.55696 0.123078 2.033
1.55324 0.127374 1.982
1.55093 0.129817 1.982
1.55408 0.126811 1.982
1.56077 0.12248 1.982
1.56959 0.118425 1.936
1.57965 0.115357 1.936
1.58906 0.111711 1.936
1.59807 0.110122 1.936
1.60605 0.109013 1.936
1.61417 0.102642 1.807
1.62257 0.0954871 1.719
1.63352 0.0898242 1.719
1.64733 0.0840863 1.719
1.66175 0.0818048 1.683
1.67449 0.0803055 1.665
1.68332 0.0787758 1.665
1.68997 0.076891 1.608
1.69201 0.0744649 1.608
1.69263 0.0718081 1.576
1.69585 0.0725362 1.576
1.70348 0.0702983 1.538
1.71366 0.0667354 1.538
1.72324 0.0646831 1.504
1.73074 0.0625736 1.504
1.73844 0.0601189 1.462
1.74463 0.0601467 1.443
1.75273 0.0619721 1.443
1.76319 0.0614123 1.402
1.77953 0.0578574 1.402
1.79537 0.052103 1.402
1.81128 0.0464658 1.362
1.82806 0.0418851 1.325
1.8448 0.037102 1.325
1.85886 0.0330092 1.3
1.86846 0.028983 1.3
1.87757 0.0289152 1.3
1.88733 0.0263854 1.273
1.89831 0.0263298 1.273
1.90869 0.027623 1.247
1.91959 0.0298029 1.247
1.93157 0.0318108 1.237
1.94209 0.0344964 1.237
1.94982 0.0382886 1.225
1.9591 0.0448805 1.205
1.96607 0.0497715 1.205
1.9735 0.0540883 1.197
1.98864 0.054858 1.197
2.00405 0.0535711 1.185
2.01699 0.0550226 1.185
2.01641 0.0663345 1.185
2.03188 0.0700255 1.184
2.04849 0.0721641 1.172
2.06656 0.0751843 1.172
2.0848 0.0787821 1.169
2.10335 0.0818293 1.169
2.11942 0.0800445 1.161
2.13485 0.0775631 1.161
2.15043 0.0747337 1.16
2.17028 0.0739837 1.16
2.18946 0.0732581 1.16
2.20733 0.0723305 1.16
2.22361 0.0700108 1.157
2.23917 0.0663149 1.157
2.25437 0.061623 1.154
2.2678 0.0581723 1.154
2.27859 0.0567878 1.154
2.28862 0.0553186 1.154
2.29866 0.053241 1.154
2.308 0.0484128 1.157
2.31669 0.0439675 1.159
2.32537 0.041934 1.159
2.33378 0.0409813 1.169
2.34055 0.0380972 1.169
2.34839 0.0350198 1.169
2.35886 0.0320975 1.169
2.36835 0.0284659 1.169
2.37493 0.0243784 1.169
2.37911 0.0224224 1.185
2.38211 0.0207438 1.185
2.38608 0.0200493 1.189
2.39252 0.0191816 1.189
2.40215 0.0182182 1.197
2.41395 0.0159436 1.197
2.4266 0.0118315 1.201
2.43743 0.00699662 1.213
2.44703 0.00345015 1.213
2.45635 -0.000220377 1.221
2.46666 -0.00368818 1.221
2.47752 -0.0065922 1.228
2.48778 -0.00957505 1.228
2.49813 -0.0134593 1.228
2.50898 -0.016569 1.246
2.51807 -0.0169305 1.249
2.52566 -0.0174314 1.249
2.53354 -0.0199372 1.257
2.5425 -0.0233798 1.257
2.54831 -0.0254916 1.263
2.55168 -0.027381 1.263
2.55631 -0.0283889 1.273
2.56352 -0.0310163 1.273
2.5703 -0.0339152 1.282
2.5731 -0.0365565 1.282
2.57349 -0.040696 1.288
2.57652 -0.0445275 1.288
2.58196 -0.0472518 1.297
2.56543 -0.0394499 1.297
2.54939 -0.0304595 1.303
2.53066 -0.023439 1.311
2.53051 -0.0266968 1.311
2.51342 -0.0217163 1.311
2.49873 -0.0162479 1.33
2.48254 -0.0103814 1.33
2.46336 -0.00574642 1.334
2.4429 -6.62893e-05 1.334
2.42481 0.00605891 1.342
2.40955 0.0124708 1.342
2.39524 0.0168582 1.342
2.38131 0.0196108 1.342
2.36791 0.0234767 1.35
2.35362 0.0290205 1.35
2.33959 0.0349818 1.353
2.32683 0.0391456 1.353
2.31496 0.0446079 1.365
2.30243 0.049579 1.365
2.28883 0.0554917 1.369
2.27475 0.06043 1.373
2.25989 0.0650945 1.373
2.24464 0.0703704 1.388
2.22905 0.0762176 1.388
2.21422 0.0816067 1.388
2.19955 0.0841869 1.39
2.18738 0.0866037 1.39
2.17876 0.0895874 1.405
2.17355 0.0911205 1.405
2.17018 0.0901015 1.408
2.16802 0.089235 1.408
2.16606 0.0891144 1.416
2.16226 0.0891442 1.416
2.16003 0.0904649 1.416
2.1585 0.0927045 1.416
2.15798 0.0926052 1.416
2.15772 0.089886 1.43
2.15901 0.0863709 1.43
2.15996 0.0822347 1.43
2.16246 0.0791837 1.435
2.16635 0.0772697 1.435
2.16806 0.0778346 1.436
2.16906 0.0778873 1.447
2.16802 0.0783273 1.447
2.16625 0.0786211 1.452
2.16604 0.0790476 1.452
2.16517 0.0832274 1.457
2.17763 0.0828796 1.457
2.1784 0.0854696 1.464
2.17852 0.0878796 1.465
2.17584 0.0943921 1.465
2.17287 0.104377 1.479
2.17014 0.115343 1.479
2.17109 0.125336 1.479
2.17249 0.135637 1.479
2.17491 0.147199 1.483
2.18012 0.160212 1.483
2.18217 0.173091 1.498
2.1822 0.188855 1.498
2.18 0.203189 1.508
2.17841 0.214791 1.512
2.18413 0.226594 1.512
2.1848 0.237999 1.512
2.18362 0.24861 1.517
2.18226 0.260778 1.517
2.18142 0.274936 1.517
2.18362 0.288221 1.517
2.18514 0.300896 1.522
2.18621 0.314017 1.522
2.18598 0.328192 1.522
2.1858 0.341623 1.522
2.18632 0.355399 1.524
2.18627 0.369717 1.537
2.18889 0.385692 1.537
2.18721 0.400231 1.537
2.18296 0.412114 1.537
2.17771 0.424769 1.537
2.17232 0.442964 1.537
2.16704 0.457691 1.542
2.16208 0.467865 1.542
2.15652 0.478496 1.543
2.14715 0.491114 1.543
2.13486 0.506527 1.543
2.12417 0.521237 1.543
2.11437 0.533953 1.551
2.10605 0.540297 1.551
2.09714 0.548231 1.557
2.08715 0.557417 1.557
2.07564 0.568268 1.557
2.06344 0.579997 1.557
2.05122 0.590017 1.563
2.04041 0.597825 1.563
2.03203 0.606474 1.563
2.0293 0.614499 1.563
2.02812 0.62175 1.563
2.02905 0.631011 1.563
2.0325 0.637003 1.571
2.03778 0.642414 1.571
2.04515 0.647516 1.586
2.05555 0.651945 1.586
2.06998 0.658034 1.587
2.08144 0.663871 1.587
2.09154 0.669032 1.587
2.10479 0.67413 1.587
2.12113 0.68014 1.587
2.13716 0.685169 1.587
2.15174 0.689068 1.587
2.16821 0.691633 1.587
2.18365 0.696276 1.588
2.19805 0.698975 1.588
2.20944 0.701327 1.588
2.21962 0.702885 1.588
2.2316 0.709883 1.585
2.24156 0.718416 1.585
2.24955 0.72914 1.585
2.25709 0.741149 1.585
2.26503 0.751173 1.585
2.2718 0.760869 1.585
2.27859 0.769247 1.585
2.28813 0.779809 1.582
2.30267 0.79149 1.582
2.31268 0.804137 1.582
2.31757 0.819526 1.579
2.32584 0.838643 1.579
2.33253 0.857868 1.578
2.33951 0.874405 1.578
2.34849 0.892265 1.579
2.3569 0.906991 1.579
2.36551 0.921969 1.579
2.37473 0.937288 1.579
2.38458 0.956348 1.592
2.39041 0.971643 1.592
2.39664 0.983646 1.592
2.40645 0.996103 1.592
2.41732 1.00861 1.592
2.42626 1.02051 1.567
2.43419 1.03134 1.567
2.43816 1.04527 1.567
2.43866 1.06096 1.567
2.43894 1.07902 1.567
2.44091 1.09671 1.567
2.4456 1.12453 1.57
2.45076 1.15154 1.57
2.45542 1.17682 1.57
2.46035 1.2011 1.57
2.46482 1.22333 1.582
2.46942 1.24342 1.582
2.47419 1.2582 1.582
2.48242 1.2689 1.582
2.49025 1.27772 1.582
2.49569 1.28499 1.597
2.49732 1.29285 1.597
2.49651 1.30301 1.605
2.49649 1.31204 1.605
2.49777 1.32209 1.609
2.4989 1.33513 1.611
2.4942 1.34956 1.611
2.48668 1.36114 1.609
2.47882 1.37407 1.609
2.46882 1.38698 1.612
2.45741 1.40079 1.612
2.44702 1.41276 1.612
2.43878 1.42039 1.612
2.43264 1.42866 1.616
2.42786 1.43448 1.616
2.42149 1.4377 1.629
2.4071 1.4334 1.629
2.4025 1.43517 1.634
2.39877 1.4362 1.646
2.39743 1.43436 1.646
2.39362 1.42648 1.655
2.39122 1.41911 1.655
2.38852 1.41256 1.668
2.38154 1.40842 1.668
2.37515 1.40381 1.677
2.36907 1.40143 1.677
2.36501 1.39843 1.682
2.35673 1.39917 1.682
2.35062 1.40047 1.682
2.34306 1.40565 1.682
2.33315 1.41215 1.688
2.32476 1.41587 1.688
2.31681 1.41912 1.709
2.30713 1.42397 1.709
2.28923 1.43262 1.717
2.27245 1.43942 1.717
2.25849 1.44184 1.729
2.23899 1.44732 1.729
2.21824 1.45357 1.729
2.198 1.46061 1.729
2.17976 1.46455 1.735
2.18181 1.45211 1.735
2.16295 1.45371 1.746
2.14541 1.45559 1.746
2.12982 1.46118 1.766
2.11455 1.46537 1.792
2.09634 1.47143 1.792
2.07975 1.46917 1.777
2.08235 1.45472 1.777
2.06101 1.46343 1.785
2.04242 1.4681 1.785
2.02412 1.47291 1.785
2.00457 1.47852 1.785
1.98233 1.482 1.785
1.96282 1.48438 1.803
1.94662 1.48786 1.806
1.93249 1.49375 1.806
1.90721 1.50825 1.806
1.88326 1.52098 1.822
1.86072 1.5349 1.822
1.83858 1.54748 1.822
1.81768 1.56182 1.822
1.79816 1.57506 1.822
1.77916 1.58743 1.823
1.75845 1.59712 1.823
1.73784 1.60671 1.845
1.71623 1.61576 1.845
1.69488 1.62324 1.865
1.67358 1.6347 1.865
1.65181 1.64933 1.887
1.63267 1.6591 1.887
1.61264 1.66803 1.887
1.58822 1.67443 1.887
1.56177 1.68108 1.887
1.53827 1.69032 1.887
1.51811 1.69342 1.887
1.49714 1.69548 1.911
1.47409 1.69742 1.911
1.45167 1.70278 1.911
1.42659 1.71033 1.92
1.40329 1.71788 1.92
1.38119 1.72314 1.927
1.35853 1.72705 1.927
1.34001 1.73059 1.941
1.32203 1.73435 1.941
1.30388 1.73853 1.941
1.28343 1.73925 1.941
1.26269 1.73643 1.941
1.24493 1.73383 1.941
1.22884 1.73171 1.966
1.20552 1.72453 1.966
1.18151 1.71496 1.966
1.15774 1.7042 1.966
1.13574 1.69055 1.949
1.11343 1.68181 1.949
1.08919 1.67138 1.944
1.06394 1.65972 1.943
1.03987 1.6476 1.943
1.03468 1.62588 1.943
1.01053 1.61337 1.928
0.98534 1.60429 1.925
0.95878 1.59402 1.925
0.928831 1.58715 1.923
0.922816 1.5681 1.923
0.897219 1.56334 1.919
0.873442 1.55743 1.919
0.849671 1.54844 1.913
0.826762 1.54393 1.913
0.805935 1.54493 1.913
0.789095 1.54364 1.913
0.793414 1.52781 1.913
0.773032 1.52889 1.913
0.754612 1.52683 1.917
0.736817 1.5263 1.917
0.720535 1.5244 1.905
0.707482 1.50796 1.905
0.687686 1.50598 1.898
0.667385 1.50554 1.892
0.644533 1.5121 1.892
0.622743 1.51857 1.89
0.600638 1.52677 1.89
0.579129 1.53596 1.89
0.559149 1.54621 1.89
0.540867 1.55528 1.879
0.523434 1.56404 1.879
0.503688 1.57137 1.879
0.485095 1.58377 1.868
0.469901 1.59283 1.868
0.458281 1.5997 1.867
0.44596 1.60397 1.867
0.433463 1.61016 1.866
0.420144 1.61669 1.866
0.405306 1.62764 1.856
0.391589 1.63543 1.856
0.378673 1.64226 1.856
0.365322 1.64544 1.856
0.351446 1.64612 1.856
0.33644 1.64723 1.856
0.320372 1.64708 1.841
0.32609 1.65068 1.841
0.330535 1.65436 1.835
0.334249 1.6513 1.835
0.339336 1.65326 1.823
0.338891 1.653 1.823
0.338658 1.64425 1.81
0.340946 1.64029 1.81
0.34468 1.64222 1.806
0.347176 1.63856 1.806
0.345653 1.63489 1.797
0.341494 1.63398 1.797
0.336741 1.63068 1.797
0.331041 1.62866 1.797
0.325104 1.62785 1.792
0.317476 1.62795 1.792
0.303441 1.62939 1.79
0.286995 1.6325 1.79
0.271126 1.63715 1.79
0.254367 1.63962 1.79
0.235867 1.64071 1.78
0.217751 1.64404 1.78
0.200232 1.64711 1.78
0.182854 1.64967 1.78
0.166092 1.65188 1.777
0.153329 1.65124 1.764
0.144893 1.6503 1.764
0.140132 1.65656 1.749
0.137677 1.667 1.749
0.13057 1.67838 1.742
0.120562 1.68898 1.742
0.11211 1.70194 1.742
0.103513 1.71484 1.742
0.0941552 1.72643 1.748
0.0817531 1.73602 1.748
0.0706035 1.74295 1.748
0.0593161 1.74921 1.748
0.0491558 1.75622 1.742
0.0390285 1.76404 1.742
0.021529 1.76315 1.742
0.00710162 1.76496 1.742
-0.00341547 1.76897 1.742
-0.0155508 1.77182 1.742
-0.0304298 1.77384 1.743
-0.0447098 1.77495 1.743
-0.0574677 1.77474 1.743
-0.07071 1.77506 1.743
-0.0809208 1.7732 1.743
-0.0902655 1.77338 1.743
-0.0961385 1.77045 1.744
-0.101221 1.76858 1.744
-0.106532 1.76878 1.753
-0.111044 1.76606 1.753
-0.116577 1.76303 1.757
-0.121302 1.75898 1.757
-0.122304 1.74645 1.757
-0.121028 1.73491 1.757
-0.119183 1.72151 1.761
-0.117123 1.70774 1.761
-0.11434 1.69496 1.761
-0.108438 1.68059 1.761
-0.101967 1.66677 1.773
-0.0966007 1.65513 1.773
-0.091652 1.64484 1.766
-0.0850384 1.62898 1.766
-0.078654 1.61253 1.774
-0.0754396 1.59848 1.774
-0.0748969 1.58796 1.774
-0.0727591 1.57699 1.774
-0.0687334 1.56448 1.776
-0.0644605 1.55074 1.782
-0.0623363 1.5359 1.782
-0.0593632 1.51972 1.782
-0.057802 1.50209 1.782
-0.058761 1.48489 1.783
-0.0618191 1.47025 1.783
-0.063954 1.45735 1.785
-0.0640333 1.44501 1.785
-0.0625903 1.43292 1.798
-0.069914 1.43613 1.798
-0.0698803 1.42021 1.798
-0.0712815 1.40146 1.798
-0.0730986 1.38358 1.798
-0.0711293 1.36295 1.801
-0.0681914 1.34445 1.803
-0.0655801 1.32556 1.803
-0.0631902 1.30735 1.803
-0.0598808 1.28899 1.803
-0.0525359 1.27043 1.808
-0.0454615 1.25246 1.808
-0.0376983 1.23388 1.8
-0.0290869 1.21371 1.8
-0.022328 1.19118 1.808
-0.0184677 1.16779 1.808
-0.0175059 1.1451 1.803
-0.0161522 1.12605 1.803
-0.0148312 1.11027 1.803
-0.0120161 1.09689 1.803
-0.00860209 1.08269 1.81
-0.00745482 1.06896 1.81
-0.00792769 1.05861 1.81
-0.00777104 1.04608 1.81
-0.00796732 1.0349 1.81
-0.00649924 1.02328 1.81
-0.00753021 1.00788 1.822
-0.00973333 0.99465 1.822
-0.0138266 0.985901 1.822
-0.0139015 0.977486 1.822
-0.0101832 0.968013 1.814
-0.00810257 0.96065 1.814
-0.00651868 0.953717 1.814
-0.00482866 0.94537 1.814
-0.000557881 0.933844 1.814
0.00368998 0.923507 1.823
0.00746371 0.915216 1.823
0.0140589 0.927283 1.823
0.020948 0.938144 1.823
0.026561 0.948245 1.823
0.0322143 0.955943 1.823
0.0399956 0.963329 1.823
0.0489958 0.969493 1.823
0.0582534 0.972516 1.823
0.066357 0.977268 1.823
0.0729091 0.983609 1.825
0.0809206 0.986736 1.825
0.0937698 1.00316 1.825
0.106216 1.02293 1.825
0.115432 1.03915 1.839
0.123236 1.05197 1.839
0.136996 1.06277 1.847
0.150699 1.0731 1.847
0.160328 1.08198 1.851
0.165959 1.08572 1.851
0.174507 1.08953 1.861
0.18523 1.09567 1.871
0.193588 1.10261 1.871
0.198833 1.10783 1.871
0.202504 1.11043 1.879
0.208933 1.10952 1.879
0.217902 1.10781 1.888
0.225105 1.1083 1.888
0.229926 1.1086 1.889
0.236917 1.1074 1.902
0.247594 1.10625 1.902
0.263424 1.10503 1.906
0.283316 1.10396 1.906
0.30188 1.10269 1.912
0.318552 1.09704 1.912
0.332605 1.09159 1.931
0.342649 1.0881 1.931
0.348381 1.08801 1.931
0.353261 1.08899 1.931
0.352047 1.09051 1.931
0.358889 1.09422 1.931
0.36787 1.09639 1.93
0.378548 1.1009 1.93
0.389514 1.10735 1.93
0.399725 1.11323 1.93
0.407133 1.12072 1.93
0.412651 1.12546 1.93
0.416659 1.13163 1.931
0.41999 1.13752 1.931
0.421867 1.14517 1.931
0.42425 1.14941 1.931
0.425845 1.15579 1.931
0.427929 1.16187 1.931
0.431998 1.16474 1.931
0.439746 1.16782 1.931
0.448837 1.16923 1.935
0.458847 1.17101 1.935
0.455332 1.1776 1.931
0.450035 1.18392 1.931
0.444136 1.19044 1.925
0.439488 1.19429 1.925
0.455115 1.19595 1.918
0.473378 1.20074 1.918
0.492051 1.20218 1.916
0.513096 1.20885 1.916
0.530322 1.21882 1.918
0.541205 1.22915 1.918
0.54848 1.23744 1.916
0.561863 1.24709 1.914
0.576497 1.2529 1.914
0.594665 1.25714 1.914
0.623013 1.26112 1.914
0.651159 1.26301 1.917
0.679206 1.26424 1.917
0.707468 1.2657 1.917
0.736735 1.27022 1.917
0.761992 1.27541 1.917
0.783109 1.27995 1.91
0.804383 1.28331 1.91
0.825468 1.28596 1.91
0.846743 1.28739 1.908
0.866907 1.28686 1.908
0.887866 1.28665 1.91
0.908911 1.28674 1.91
0.929874 1.28796 1.907
0.950769 1.28998 1.907
0.972666 1.29236 1.898
0.993491 1.2928 1.898
1.01105 1.29748 1.898
1.02597 1.30168 1.898
1.0381 1.30655 1.895
1.04867 1.30982 1.895
1.0587 1.31284 1.898
1.07118 1.31223 1.898
1.08377 1.31093 1.895
1.09666 1.3052 1.895
1.11026 1.30106 1.886
1.12723 1.29639 1.886
1.14401 1.29543 1.879
1.15968 1.29028 1.879
1.17632 1.28271 1.875
1.19146 1.27705 1.875
1.20376 1.27007 1.873
1.21368 1.26247 1.873
1.22371 1.25491 1.867
1.23302 1.24869 1.867
1.24167 1.24396 1.864
1.24983 1.24018 1.864
1.2572 1.23258 1.857
1.26119 1.22574 1.857
1.26529 1.21906 1.852
1.27166 1.21367 1.852
1.28294 1.20713 1.833
1.29469 1.19991 1.833
1.3058 1.19235 1.827
1.31977 1.18415 1.827
1.3361 1.17825 1.827
1.35316 1.17306 1.825
1.36914 1.17114 1.825
1.38592 1.17176 1.809
1.4023 1.17229 1.809
1.41852 1.17021 1.803
1.43616 1.16418 1.803
1.45212 1.16375 1.8
1.46662 1.16471 1.8
1.48018 1.16587 1.793
1.50754 1.15996 1.793
1.53526 1.15207 1.789
1.56324 1.14695 1.789
1.5923 1.14057 1.789
1.61951 1.13315 1.789
1.64426 1.12655 1.784
1.66663 1.11971 1.784
1.69176 1.11173 1.784
1.71935 1.10663 1.784
1.74814 1.09903 1.774
1.77673 1.09274 1.774
1.80615 1.08442 1.773
1.83481 1.07229 1.773
1.86244 1.05839 1.774
1.88962 1.04568 1.774
1.91675 1.03795 1.774
1.94452 1.02643 1.774
1.97243 1.01496 1.774
2.0011 1.00614 1.774
2.02694 0.994766 1.781
2.05266 0.981003 1.781
2.07898 0.970647 1.781
2.10359 0.962789 1.781
2.12646 0.956368 1.781
2.14794 0.94651 1.782
2.17022 0.939334 1.782
2.1911 0.93067 1.782
2.21329 0.922184 1.782
2.23679 0.910734 1.782
2.2603 0.900941 1.787
2.27905 0.891881 1.787
2.29494 0.883396 1.787
2.3136 0.876703 1.787
2.33343 0.872133 1.787
2.35112 0.867335 1.787
2.36896 0.860949 1.782
2.38711 0.854752 1.782
2.40498 0.850914 1.782
2.42345 0.847328 1.783
2.44272 0.845596 1.783
2.46259 0.842651 1.785
2.48379 0.839158 1.785
2.50646 0.838076 1.788
2.53021 0.837528 1.788
2.5542 0.83502 1.789
2.57682 0.832204 1.789
2.59634 0.829895 1.797
2.6164 0.828422 1.797
2.63528 0.826424 1.814
2.6541 0.825021 1.814
2.66982 0.828594 1.808
2.68364 0.833283 1.808
2.69876 0.837418 1.808
2.70962 0.843118 1.808
2.71927 0.844775 1.808
2.72771 0.845616 1.808
2.73652 0.852135 1.808
2.74781 0.862294 1.808
2.75771 0.874682 1.82
2.76873 0.885867 1.82
2.77672 0.895929 1.821
2.78534 0.903391 1.821
2.79498 0.91084 1.827
2.80276 0.925603 1.827
2.80891 0.941792 1.833
2.81199 0.958466 1.833
2.81293 0.97537 1.842
2.81278 0.989876 1.842
2.81163 1.00103 1.847
2.81456 1.01516 1.847
2.81939 1.0314 1.851
2.82509 1.04235 1.851
2.82832 1.04708 1.861
2.83099 1.05404 1.874
2.83474 1.05974 1.874
2.8373 1.06548 1.874
2.84208 1.07014 1.874
2.84797 1.07535 1.874
2.85585 1.08007 1.874
2.86258 1.08641 1.874
2.86919 1.09166 1.871
2.87419 1.09787 1.861
2.87887 1.10694 1.861
2.8818 1.11652 1.861
2.88171 1.12536 1.86
2.88146 1.13395 1.86
2.8801 1.14363 1.86
2.8783 1.15453 1.86
2.87758 1.16566 1.854
2.87815 1.17818 1.854
2.88359 1.19109 1.854
2.89016 1.20083 1.854
2.89608 1.21258 1.852
2.90272 1.22291 1.852
2.90465 1.23662 1.862
2.90877 1.24803 1.862
2.91429 1.26018 1.86
2.92531 1.27618 1.86
2.93724 1.29262 1.86
2.94666 1.30889 1.853
2.95894 1.32298 1.853
2.96631 1.33943 1.853
2.97495 1.35368 1.853
2.98206 1.37165 1.853
2.99308 1.39112 1.853
3.00339 1.4156 1.854
3.01292 1.43991 1.854
3.02214 1.46169 1.85
3.02922 1.48557 1.85
3.0377 1.50831 1.856
3.04414 1.531 1.856
3.04586 1.5556 1.856
3.04929 1.58566 1.856
3.05348 1.61395 1.856
3.05856 1.64166 1.851
3.06425 1.67305 1.851
3.06929 1.70729 1.851
3.0716 1.74196 1.851
3.07106 1.77186 1.851
3.07053 1.80153 1.846
3.07338 1.82972 1.846
3.07523 1.85817 1.838
3.08229 1.87311 1.838
3.08542 1.8841 1.837
3.08637 1.89475 1.837
3.08395 1.9104 1.83
3.07968 1.92433 1.83
3.07487 1.93501 1.827
3.07143 1.94592 1.827
3.07018 1.95937 1.822
3.06632 1.97256 1.822
3.05904 1.9815 1.827
3.05905 1.97983 1.827
3.04963 1.99024 1.823
3.04348 1.99929 1.823
3.04132 2.0092 1.823
3.04227 2.02148 1.823
3.04044 2.03488 1.823
3.03668 2.04781 1.823
3.0339 2.05965 1.823
3.03169 2.07106 1.823
3.02836 2.08208 1.816
3.0245 2.09219 1.816
3.02 2.10401 1.824
3.01494 2.114 1.824
3.00981 2.11897 1.835
3.00485 2.11875 1.835
3.00106 2.11336 1.835
2.99528 2.10595 1.835
2.98452 2.09622 1.835
2.97089 2.07692 1.835
2.95591 2.05254 1.835
2.94458 2.04158 1.835
2.93451 2.0448 1.835
2.92726 2.04156 1.819
2.92163 2.03192 1.819
2.91405 2.0147 1.819
2.90453 2.00162 1.819
2.8926 1.98736 1.819
2.88102 1.98034 1.778
2.87702 1.95225 1.778
2.86211 1.95124 1.778
2.84617 1.95108 1.807
2.82963 1.95095 1.807
2.81066 1.94564 1.807
2.79217 1.93986 1.807
2.77272 1.93142 1.807
2.75135 1.924 1.861
2.733 1.91635 1.863
2.7179 1.90869 1.863
2.70559 1.90138 1.863
2.68879 1.8987 1.863
2.66933 1.89591 1.863
2.64804 1.88876 1.863
2.62896 1.88561 1.865
2.5859 1.88217 1.865
2.5451 1.87753 1.874
2.50818 1.87332 1.874
2.47314 1.87033 1.874
2.43641 1.86911 1.874
2.39971 1.86484 1.875
2.36303 1.86035 1.875
2.32404 1.85481 1.879
2.28523 1.84903 1.879
2.25028 1.84389 1.879
2.22047 1.84035 1.879
2.18945 1.83637 1.885
2.16166 1.83574 1.885
2.13511 1.83632 1.889
2.10908 1.83757 1.889
2.08307 1.8361 1.895
2.06054 1.83098 1.901
2.03856 1.82751 1.901
2.01773 1.82366 1.901
1.97636 1.8164 1.914
1.93417 1.80849 1.914
1.89168 1.79993 1.923
1.84992 1.79104 1.923
1.80727 1.7834 1.933
1.76631 1.77569 1.933
1.72738 1.76807 1.941
1.68939 1.76298 1.941
1.6568 1.75668 1.954
1.62789 1.75337 1.96
1.6011 1.74931 1.96
1.57301 1.74688 1.96
1.54439 1.74556 1.96
1.51648 1.74627 1.975
1.48805 1.74935 1.975
1.464 1.75225 1.975
1.44313 1.75537 1.975
1.42367 1.7572 1.979
1.40176 1.7604 1.979
1.37798 1.7657 1.987
1.35424 1.77316 1.987
1.33114 1.77993 1.993
1.30254 1.7852 1.993
1.27394 1.78935 1.993
1.24506 1.79404 1.993
1.21593 1.79835 2
1.18738 1.80195 2
1.15952 1.80369 2.009
1.13259 1.80674 2.009
1.10221 1.81241 2.009
1.0722 1.81805 2.009
1.04545 1.82454 2.013
1.02088 1.82891 2.013
0.998521 1.83382 2.012
0.978245 1.83713 2.012
0.958088 1.83868 2.014
0.936629 1.84036 2.014
0.915883 1.84316 2.014
0.897808 1.84688 2.014
0.881235 1.85047 2.014
0.862864 1.85201 2.014
0.844484 1.85371 2.014
0.82585 1.85816 2.014
0.806562 1.86239 2.014
0.785801 1.86537 2.014
0.766826 1.87186 2.014
0.751221 1.88298 2.014
0.736489 1.89242 2.014
0.721474 1.89797 2.014
0.707463 1.89977 2.013
0.695206 1.89732 2.01
0.684175 1.89314 2.01
0.675411 1.89218 2.008
0.65739 1.89635 2.008
0.640247 1.89849 2.008
0.623664 1.89892 2.008
0.606015 1.90091 2.008
0.589183 1.90187 1.998
0.571666 1.90344 1.998
0.55303 1.90503 1.998
0.532452 1.90654 1.998
0.51167 1.9104 1.998
0.488187 1.91411 1.998
0.459319 1.91988 2.005
0.426565 1.92447 1.99
0.393733 1.92854 1.99
0.362195 1.93493 1.99
0.328514 1.93881 1.99
0.296287 1.94518 1.99
0.263988 1.95312 1.985
0.234166 1.96069 1.973
0.202255 1.96472 1.973
0.172086 1.96547 1.96
0.147851 1.96362 1.96
0.12411 1.95839 1.96
0.100626 1.95631 1.96
0.0771145 1.95573 1.953
0.0539444 1.95949 1.953
0.0310922 1.96009 1.947
0.00741984 1.95987 1.947
-0.0156505 1.95976 1.939
-0.0411875 1.96023 1.939
-0.0642751 1.95743 1.939
-0.0887225 1.95352 1.927
-0.111102 1.95084 1.927
-0.13109 1.94165 1.915
-0.147319 1.93169 1.915
-0.163768 1.92076 1.898
-0.178318 1.90873 1.898
-0.187079 1.88959 1.898
-0.19218 1.86851 1.884
-0.196005 1.84711 1.884
-0.203277 1.82493 1.871
-0.213005 1.79694 1.871
-0.225121 1.76883 1.869
-0.238343 1.73899 1.869
-0.250015 1.68847 1.847
-0.261031 1.63909 1.847
-0.267368 1.59078 1.832
-0.268185 1.54627 1.832
-0.267424 1.50089 1.824
-0.268261 1.46089 1.824
-0.272212 1.42331 1.801
-0.278714 1.38241 1.801
-0.285271 1.34374 1.795
-0.291538 1.30432 1.795
-0.29607 1.26597 1.795
-0.298933 1.22773 1.795
-0.296895 1.19409 1.795
-0.310897 1.19382 1.795
-0.306987 1.16358 1.789
-0.30359 1.13095 1.789
-0.299582 1.09599 1.752
-0.295298 1.06442 1.752
-0.297144 1.05844 1.744
-0.297052 1.05401 1.744
-0.295924 1.04976 1.739
-0.294987 1.04423 1.739
-0.292373 1.03745 1.726
-0.292392 1.03362 1.719
-0.292126 1.02924 1.719
-0.293308 1.02459 1.711
-0.294697 1.02066 1.711
-0.29624 1.01685 1.711
-0.297919 1.01532 1.711
-0.295762 1.0104 1.709
-0.295896 1.00589 1.709
-0.297986 1.00065 1.7
-0.303306 0.996109 1.7
-0.301763 0.997664 1.7
-0.299359 0.99879 1.7
-0.297079 0.998486 1.694
-0.291072 0.991965 1.694
-0.285161 0.986182 1.692
-0.280933 0.981607 1.692
-0.2755 0.978066 1.691
-0.269012 0.975072 1.691
-0.26077 0.973461 1.691
-0.253371 0.969242 1.691
-0.246634 0.963344 1.682
-0.240185 0.956069 1.682
-0.234222 0.947655 1.682
-0.226835 0.940183 1.682
-0.216786 0.933028 1.682
-0.206849 0.928827 1.682
-0.197019 0.926814 1.68
-0.187138 0.926079 1.68
-0.17721 0.91934 1.675
-0.169079 0.914298 1.675
-0.160365 0.909536 1.67
-0.151184 0.903319 1.67
-0.143592 0.897672 1.67
-0.136694 0.891541 1.67
-0.129825 0.883993 1.67
-0.11898 0.873574 1.67
-0.105083 0.864247 1.67
-0.0895818 0.855583 1.67
-0.0737101 0.849205 1.677
-0.057397 0.842807 1.677
-0.0409133 0.838453 1.677
-0.0246832 0.836301 1.677
-0.00910165 0.833925 1.677
0.00593939 0.834171 1.679
0.0224407 0.837798 1.679
0.0421915 0.839976 1.679
0.0589349 0.84324 1.679
0.0695109 0.846099 1.679
0.0785654 0.846715 1.679
0.090868 0.849718 1.679
0.104921 0.850837 1.69
0.119454 0.853778 1.69
0.134444 0.854545 1.69
0.147731 0.85726 1.69
0.160289 0.862851 1.69
0.174961 0.868942 1.699
0.18953 0.879932 1.699
0.203508 0.887718 1.699
0.217513 0.893115 1.699
0.234312 0.898387 1.699
0.249378 0.904446 1.699
0.263447 0.912235 1.704
0.278574 0.918753 1.704
0.293306 0.924076 1.704
0.309032 0.92812 1.704
0.329982 0.931249 1.71
0.352457 0.93358 1.71
0.373755 0.937023 1.717
0.394817 0.940378 1.717
0.416239 0.943287 1.717
0.437735 0.948711 1.717
0.458633 0.95512 1.717
0.481142 0.962043 1.717
0.50132 0.965584 1.713
0.519676 0.969143 1.713
0.54177 0.973924 1.713
0.564203 0.977037 1.713
0.584208 0.978833 1.724
0.601923 0.983257 1.724
0.628239 0.993695 1.725
0.652759 1.00549 1.725
0.674495 1.01433 1.725
0.694787 1.02041 1.726
0.694057 1.03414 1.726
0.713681 1.04234 1.726
0.732264 1.05158 1.737
0.750368 1.06116 1.737
0.767447 1.06562 1.737
0.784177 1.06911 1.737
0.801596 1.07099 1.725
0.817635 1.0722 1.725
0.833047 1.07105 1.723
0.849096 1.0701 1.723
0.873215 1.06991 1.72
0.896246 1.07124 1.72
0.917292 1.07371 1.716
0.93896 1.07374 1.716
0.959568 1.07466 1.709
0.978411 1.07524 1.709
0.995525 1.07577 1.706
1.01209 1.07791 1.706
1.02702 1.08173 1.704
1.04204 1.08486 1.7
1.03561 1.10352 1.7
1.04968 1.10685 1.7
1.06217 1.10909 1.7
1.07795 1.10961 1.7
1.093 1.11118 1.709
1.10922 1.11399 1.709
1.1259 1.11506 1.709
1.1416 1.11728 1.709
1.15566 1.11427 1.709
1.17251 1.1117 1.709
1.19076 1.10773 1.709
1.20833 1.10359 1.702
1.22785 1.09819 1.702
1.24886 1.09356 1.693
1.2722 1.08901 1.693
1.29929 1.08348 1.693
1.32522 1.07769 1.693
1.34841 1.07106 1.693
1.36894 1.06573 1.693
1.3917 1.06528 1.686
1.41503 1.06131 1.686
1.43627 1.05505 1.681
1.45598 1.05085 1.681
1.47825 1.04753 1.681
1.50031 1.0429 1.681
1.52264 1.03741 1.677
1.54756 1.03301 1.677
1.57209 1.02994 1.677
1.59527 1.02791 1.676
1.61737 1.02657 1.676
1.63819 1.02543 1.675
1.65809 1.02851 1.673
1.67681 1.03244 1.673
1.69676 1.03395 1.675
1.71732 1.03266 1.675
1.73763 1.03218 1.675
1.76366 1.03275 1.675
1.78558 1.03074 1.676
1.80776 1.03095 1.676
1.83154 1.03543 1.676
1.85634 1.0365 1.676
1.87927 1.0322 1.683
1.90209 1.02672 1.683
1.92424 1.02125 1.683
1.94823 1.019 1.683
1.97078 1.01343 1.683
1.99458 1.00659 1.683
2.01718 1.00331 1.681
2.04031 1.00153 1.676
2.06286 0.995364 1.676
2.08584 0.988204 1.676
2.10951 0.981626 1.676
2.13253 0.974361 1.676
2.15228 0.966581 1.676
2.17531 0.962797 1.68
2.19853 0.959013 1.68
2.22236 0.955484 1.68
2.24617 0.956281 1.666
2.27154 0.958531 1.666
2.29707 0.963228 1.665
2.32182 0.965214 1.665
2.34471 0.964242 1.66
2.36535 0.9611 1.66
2.38337 0.958204 1.658
2.40053 0.956545 1.658
2.4168 0.955245 1.655
2.43187 0.955489 1.655
2.44553 0.958919 1.65
2.45933 0.961196 1.648
2.47298 0.963745 1.648
2.48702 0.966933 1.64
2.5003 0.968433 1.64
2.51277 0.971849 1.639
2.52565 0.98308 1.636
2.53956 0.990392 1.636
2.55287 0.997418 1.636
2.56564 1.01054 1.636
2.57644 1.02314 1.636
2.58869 1.03468 1.636
2.60077 1.04747 1.643
2.61272 1.05759 1.643
2.6243 1.06871 1.647
2.63758 1.08864 1.647
2.64972 1.10612 1.647
2.66032 1.12117 1.647
2.66466 1.13872 1.651
2.67019 1.15593 1.651
2.67235 1.17184 1.656
2.67538 1.18716 1.656
2.67702 1.20069 1.658
2.68095 1.21318 1.658
2.68242 1.22624 1.663
2.68505 1.24531 1.663
2.68697 1.26113 1.678
2.68729 1.27677 1.678
2.6856 1.29504 1.678
2.68215 1.31335 1.701
2.68057 1.33068 1.701
2.67795 1.34545 1.743
2.67708 1.36056 1.743
2.67581 1.37928 1.704
2.67643 1.39625 1.704
2.67601 1.41373 1.705
2.68004 1.42831 1.705
2.68274 1.44573 1.705
2.6832 1.46791 1.705
2.68822 1.48916 1.705
2.69328 1.51004 1.709
2.69645 1.53549 1.709
2.70042 1.55957 1.713
2.69915 1.58527 1.713
2.70115 1.61427 1.728
2.7005 1.6415 1.728
2.70039 1.66741 1.728
2.6989 1.6941 1.729
2.69808 1.72581 1.729
2.69665 1.75414 1.742
2.69355 1.78095 1.742
2.69343 1.80639 1.748
2.69092 1.83482 1.748
2.68833 1.85625 1.749
2.68368 1.87333 1.749
2.68073 1.86206 1.749
2.67626 1.85248 1.749
2.6697 1.84471 1.75
2.66502 1.84403 1.75
2.6561 1.84734 1.762
2.64537 1.85099 1.762
2.63238 1.85514 1.767
2.61908 1.86193 1.767
2.60526 1.86895 1.767
2.59077 1.87414 1.767
2.57477 1.88194 1.774
2.55894 1.89241 1.774
2.54527 1.90279 1.792
2.53991 1.91045 1.792
2.53739 1.91838 1.792
2.53391 1.92707 1.792
2.52952 1.94131 1.795
2.52553 1.95469 1.795
2.52034 1.96484 1.818
2.51373 1.97291 1.818
2.50648 1.98256 1.822
2.50303 1.9939 1.822
2.50397 2.00662 1.825
2.50581 2.01922 1.825
2.50549 2.03178 1.836
2.50242 2.04397 1.836
2.498 2.05257 1.844
2.49282 2.05952 1.844
2.48784 2.06275 1.855
2.48342 2.06645 1.855
2.47705 2.06842 1.866
2.46766 2.0685 1.881
2.45568 2.06744 1.888
2.44166 2.06579 1.888
2.42681 2.06473 1.888
2.41275 2.06244 1.895
2.4021 2.06122 1.895
2.39444 2.05975 1.895
2.38734 2.05499 1.895
2.38144 2.04842 1.895
2.375 2.04149 1.904
2.3667 2.03488 1.92
2.35761 2.02779 1.92
2.35262 2.02042 1.92
2.35118 2.01057 1.92
2.34847 1.99846 1.92
2.34366 1.98646 1.92
2.33484 1.97635 1.92
2.32054 1.97189 1.92
2.30412 1.96273 1.935
2.28795 1.95514 1.935
2.27207 1.94514 1.94
2.25843 1.9342 1.94
2.24529 1.92355 1.942
2.23199 1.91311 1.942
2.21567 1.89912 1.942
2.19842 1.88329 1.942
2.18302 1.87057 1.95
2.16329 1.85728 1.95
2.14605 1.84857 1.951
2.12935 1.83735 1.951
2.11075 1.82556 1.951
2.09132 1.81302 1.95
2.0707 1.7999 1.95
2.05122 1.78538 1.95
2.03177 1.77229 1.949
2.0148 1.7632 1.949
1.99738 1.74783 1.95
1.9775 1.73317 1.95
1.95704 1.72302 1.949
1.93319 1.71159 1.949
1.90688 1.70206 1.949
1.88183 1.69563 1.949
1.858 1.6916 1.949
1.83684 1.68871 1.9
1.81497 1.68369 1.9
1.79696 1.6787 1.9
1.78204 1.67217 1.9
1.76442 1.65815 1.9
1.74433 1.64977 1.9
1.72336 1.64207 1.9
1.70525 1.63386 1.9
1.68786 1.62419 1.894
1.67492 1.61045 1.894
1.66479 1.59903 1.899
1.65672 1.58506 1.899
1.6471 1.5695 1.899
1.6373 1.55176 1.899
1.61797 1.53881 1.943
1.59732 1.5282 1.943
1.57634 1.51751 1.943
1.55518 1.51187 1.943
1.53453 1.50637 1.929
1.51483 1.5026 1.929
1.49663 1.49741 1.922
1.48013 1.49207 1.922
1.44896 1.49016 1.905
1.41983 1.49522 1.894
1.4269 1.47498 1.894
1.40066 1.48126 1.894
1.36996 1.48839 1.882
1.33706 1.4959 1.882
1.30426 1.50416 1.868
1.26757 1.51666 1.868
1.23119 1.52834 1.861
1.1962 1.53607 1.861
1.16332 1.54498 1.846
1.11753 1.5637 1.846
1.07278 1.58231 1.835
1.02918 1.59894 1.835
0.986619 1.61585 1.832
0.943173 1.63189 1.832
0.898366 1.64743 1.832
0.851298 1.65994 1.832
0.806221 1.67383 1.821
0.761114 1.68697 1.807
0.717564 1.70108 1.807
0.674747 1.71104 1.798
0.634993 1.7229 1.798
0.59614 1.73497 1.798
0.558983 1.74327 1.791
0.522392 1.74913 1.791
0.488242 1.7542 1.791
0.451964 1.75672 1.791
0.417828 1.75813 1.785
0.382446 1.76069 1.785
0.350041 1.76333 1.784
0.319888 1.76368 1.784
0.287367 1.76269 1.784
0.255583 1.76137 1.784
0.221756 1.75874 1.784
0.190214 1.7573 1.784
0.157059 1.75593 1.776
0.126666 1.75301 1.776
0.0999243 1.74093 1.776
0.0770708 1.72875 1.778
0.0566389 1.71694 1.778
0.0359003 1.6995 1.778
0.0160625 1.68614 1.778
-0.000623651 1.67485 1.778
-0.0194201 1.65761 1.778
-0.037972 1.6388 1.771
-0.0605875 1.61939 1.771
-0.0839779 1.60012 1.765
-0.10516 1.58318 1.765
-0.124157 1.57073 1.762
-0.14087 1.55919 1.762
-0.155133 1.54396 1.76
-0.164619 1.52704 1.76
-0.173851 1.50951 1.752
-0.187036 1.50872 1.752
-0.201796 1.50865 1.755
-0.217494 1.50867 1.755
-0.230597 1.50753 1.755
-0.242716 1.50372 1.755
-0.251106 1.49887 1.747
-0.2588 1.49478 1.747
-0.265291 1.48754 1.728
-0.270423 1.48107 1.728
-0.273087 1.47587 1.728
-0.281022 1.4833 1.728
-0.288383 1.4908 1.728
-0.296008 1.49702 1.728
-0.302658 1.50287 1.728
-0.300344 1.52175 1.728
-0.297921 1.54389 1.728
-0.294598 1.56406 1.727
-0.291197 1.57812 1.727
-0.289026 1.58893 1.705
-0.286472 1.60234 1.705
-0.282533 1.61565 1.704
-0.277973 1.62297 1.704
-0.272963 1.62661 1.704
-0.271063 1.63184 1.704
-0.268471 1.63632 1.704
-0.2669 1.64165 1.69
-0.264801 1.64401 1.69
-0.261079 1.64366 1.69
-0.258503 1.63722 1.69
-0.254964 1.63136 1.69
-0.251993 1.62067 1.688
-0.248966 1.60905 1.688
-0.242271 1.6029 1.679
-0.233146 1.60134 1.679
-0.223007 1.601 1.677
-0.212829 1.59649 1.677
-0.203854 1.59027 1.668
-0.194991 1.58508 1.668
-0.185179 1.58502 1.665
-0.174924 1.58639 1.665
-0.164547 1.58727 1.665
-0.154781 1.58974 1.665
-0.145088 1.59029 1.665
-0.129449 1.58876 1.665
-0.113466 1.59184 1.682
-0.0976609 1.59588 1.682
-0.0810809 1.59933 1.682
-0.0639128 1.60102 1.682
-0.0468067 1.60103 1.683
-0.0314252 1.60052 1.683
-0.0377136 1.59787 1.683
-0.0432006 1.59378 1.683
-0.0490656 1.58921 1.685
-0.056966 1.58513 1.685
-0.085869 1.58209 1.695
-0.114302 1.58141 1.695
-0.142125 1.58026 1.698
-0.168679 1.57653 1.698
-0.214739 1.56971 1.708
-0.25811 1.56252 1.708
-0.298342 1.55983 1.708
-0.336052 1.55952 1.708
-0.34938 1.55977 1.708
-0.364238 1.5594 1.708
-0.378784 1.55815 1.714
-0.390111 1.55431 1.714
-0.399792 1.55061 1.707
-0.410397 1.54587 1.707
-0.422288 1.5428 1.702
-0.431433 1.53975 1.702
-0.439786 1.53881 1.7
-0.44355 1.54059 1.673
-0.447883 1.53931 1.673
-0.455498 1.53429 1.646
-0.463314 1.53221 1.646
-0.467821 1.53316 1.633
-0.469451 1.53327 1.633
-0.47224 1.53177 1.574
-0.476092 1.52822 1.574
-0.480221 1.52135 1.574
-0.485736 1.51463 1.541
-0.490647 1.50921 1.488
-0.493225 1.50406 1.488
-0.493624 1.49984 1.488
-0.492893 1.49533 1.441
-0.4922 1.4884 1.4
-0.494602 1.4813 1.4
-0.498901 1.47278 1.339
-0.506704 1.46617 1.339
-0.515536 1.46033 1.287
-0.525581 1.45592 1.287
-0.535779 1.45222 1.218
-0.545715 1.44915 1.218
-0.552976 1.44969 1.177
-0.558102 1.45031 1.177
-0.562086 1.4503 1.12
-0.565961 1.45122 1.12
-0.568079 1.45419 1.058
-0.567783 1.46127 0.995
-0.567232 1.46729 0.995
-0.565555 1.47256 0.995
-0.564025 1.47488 0.938
-0.564979 1.47447 0.938
-0.566477 1.48105 0.875
-0.568279 1.48883 0.875
-0.569965 1.5007 0.795
-0.571828 1.51058 0.795
-0.57399 1.5219 0.738
-0.577719 1.53091 0.738
-0.579827 1.53513 0.676
-0.584515 1.5349 0.676
-0.591646 1.52993 0.598
-0.598522 1.52498 0.598
-0.598755 1.52256 0.54
-0.597208 1.52647 0.54
-0.596745 1.54229 0.478
-0.5987 1.56033 0.478
-0.601509 1.57613 0.412
-0.603426 1.58141 0.367
-0.60356 1.58475 0.367
-0.603005 1.58585 0.367
-0.602301 1.58582 0.306
-0.601451 1.58541 0.306
-0.600567 1.58457 0.3
-0.600885 1.58416 0.3
-0.601171 1.58355 0.3
-0.601499 1.58289 0.3
-0.601753 1.58213 0.3
-0.602089 1.58135 0.3
-0.602419 1.5806 0.3
-0.603717 1.58058 0.3
-0.604869 1.58055 0.3
-0.606412 1.58016 0.3
-0.609317 1.58079 0.3
-0.612064 1.58147 0.3
-0.616161 1.58342 0.3
-0.619948 1.58524 0.3
-0.623866 1.58752 0.3
-0.627511 1.58959 0.3
-0.631094 1.59178 0.3
-0.634416 1.59374 0.3
-0.637705 1.59584 0.3
-0.641555 1.59871 0.3
-0.644599 1.60067 0.3
-0.647319 1.60218 0.3
-0.649827 1.60331 0.3
-0.652212 1.6042 0.3
-0.654467 1.60492 0.3
-0.656641 1.60551 0.3
-0.659788 1.6067 0.3
-0.662829 1.60775 0.3
-0.665743 1.60875 0.3
-0.668371 1.60964 0.3
-0.670607 1.61053 0.3
-0.672621 1.61136 0.3
-0.675667 1.61288 0.3
-0.678565 1.61431 0.3
-0.681354 1.61569 0.3
-0.683906 1.61689 0.3
-0.68629 1.61802 0.3
-0.688631 1.61916 0.3
-0.691893 1.62084 0.3
-0.694873 1.62239 0.3
-0.697921 1.62414 0.3
-0.701 1.62591 0.3
-0.703661 1.62745 0.3
-0.706168 1.62895 0.3
-0.709747 1.6311 0.3
-0.713159 1.63315 0.3
-0.716321 1.63508 0.3
-0.719366 1.63695 0.3
-0.722308 1.63876 0.3
-0.725253 1.64048 0.3
-0.729112 1.64271 0.3
-0.732813 1.64482 0.3
-0.736344 1.64681 0.3
-0.739639 1.64865 0.3
-0.742949 1.65054 0.3
-0.747237 1.653 0.3
-0.751283 1.65529 0.3
-0.755109 1.65745 0.3
-0.758884 1.65962 0.3
-0.762509 1.6617 0.3
-0.766043 1.66374 0.3
-0.770441 1.66628 0.3
-0.774661 1.66872 0.3
-0.778698 1.67106 0.3
-0.782574 1.67331 0.3
-0.786346 1.6755 0.3
-0.789915 1.67756 0.3
-0.794394 1.68018 0.3
-0.798726 1.68276 0.3
-0.802787 1.68518 0.3
-0.806738 1.68755 0.3
-0.81039 1.68976 0.3
-0.814036 1.69196 0.3
-0.817361 1.69397 0.3
-0.821718 1.69662 0.3
-0.826002 1.69921 0.3
-0.830087 1.70166 0.3
-0.834035 1.70402 0.3
-0.837811 1.70625 0.3
-0.842567 1.70907 0.3
-0.847074 1.71173 0.3
-0.851383 1.71428 0.3
-0.855517 1.71673 0.3
-0.859475 1.71908 0.3
-0.863272 1.72133 0.3
-0.867991 1.72413 0.3
-0.872498 1.72681 0.3
-0.876899 1.72943 0.3
-0.881043 1.7319 0.3
-0.885084 1.73432 0.3
-0.888903 1.73661 0.3
-0.89255 1.73881 0.3
-0.896868 1.74144 0.3
117.81 -10.5774 0.3
55.3317 -2.67542 0.5
36.4416 -0.488448 0.497
27.1475 0.379279 0.497
21.5405 0.79982 0.495
17.7717 1.03216 0.495
15.0572 1.18107 0.494
13.0054 1.28313 0.494
11.3975 1.35659 0.494
10.0991 1.41502 0.494
9.02903 1.46124 0.495
8.13083 1.49876 0.495
7.3652 1.52968 0.493
6.70222 1.55743 0.493
6.1235 1.58132 0.495
5.61342 1.60214 0.495
5.16005 1.62048 0.495
4.75244 1.63784 0.495
4.38519 1.65341 0.494
4.05235 1.66747 0.494
3.74913 1.68026 0.494
3.47017 1.69282 0.494
3.21372 1.70439 0.495
2.97726 1.715 0.495
2.75835 1.72486 0.495
2.55384 1.73477 0.495
2.36341 1.74404 0.495
2.18576 1.75264 0.495
2.01959 1.76068 0.501
1.86253 1.769 0.501
1.71528 1.7767 0.505
1.57653 1.78409 0.505
1.44566 1.79112 0.501
1.32235 1.79764 0.501
1.20477 1.80448 0.501
1.09345 1.811 0.501
0.987916 1.81725 0.502
0.886807 1.8238 0.502
0.790835 1.83005 0.496
0.699743 1.83595 0.496
0.613187 1.84156 0.496
0.529643 1.84762 0.496
0.450229 1.85333 0.494
0.374589 1.85879 0.494
0.302419 1.86404 0.494
0.23259 1.86967 0.496
0.165951 1.87506 0.496
0.102423 1.88018 0.497
0.0417308 1.88509 0.497
-0.0172687 1.89043 0.497
-0.073536 1.89548 0.5
-0.127424 1.90038 0.5
-0.178911 1.90504 0.5
-0.229182 1.91013 0.5
-0.277272 1.91502 0.5
-0.323254 1.91968 0.5
-0.367287 1.92417 0.5
-0.41045 1.92908 0.5
-0.451739 1.93379 0.5
-0.491292 1.9383 0.495
-0.529132 1.94261 0.495
-0.566467 1.94739 0.493
-0.602198 1.95197 0.493
-0.636427 1.95636 0.493
-0.670348 1.96125 0.493
-0.70277 1.96589 0.493
-0.733885 1.97037 0.493
-0.763566 1.97459 0.493
-0.793132 1.97932 0.493
-0.821499 1.98389 0.493
-0.848616 1.98823 0.493
-0.874627 1.99241 0.493
-0.900596 1.99705 0.493
-0.925488 2.0015 0.493
-0.949325 2.00576 0.493
-0.972178 2.00984 0.493
-0.99515 2.01441 0.493
-1.01723 2.01882 0.493
-1.03839 2.02303 0.493
-1.05858 2.02702 0.493
-1.07903 2.03153 0.493
-1.09863 2.03585 0.493
-1.11741 2.03998 0.493
-1.13541 2.04395 0.493
-1.15374 2.0484 0.493
-1.17131 2.05267 0.494
-1.18815 2.05676 0.494
-1.20406 2.06058 0.494
-1.2206 2.06501 0.494
-1.23631 2.06917 0.494
-1.25138 2.07316 0.494
-1.2669 2.07763 0.494
-1.28175 2.08191 0.494
-1.29676 2.08651 0.493
-1.2952 2.0856 0.493
-1.31147 2.09095 0.493
-1.32646 2.09567 0.493
-1.34076 2.10024 0.493
-1.35539 2.10514 0.493
-1.36933 2.10976 0.491
-1.38271 2.11419 0.491
-1.39541 2.11832 0.491
-1.40858 2.12286 0.491
-1.42115 2.1272 0.491
-1.43317 2.13134 0.491
-1.44584 2.13602 0.491
-1.45786 2.1404 0.491
-1.46939 2.1446 0.491
-1.4805 2.14873 0.491
-1.49219 2.15333 0.491
-1.5034 2.15778 0.491
-1.51408 2.16202 0.491
-1.52548 2.1668 0.491
-1.53631 2.17134 0.491
-1.54668 2.17568 0.493
-1.55669 2.1799 0.493
-1.56722 2.18452 0.493
-1.57724 2.189 0.493
-1.5868 2.19332 0.493
-1.59594 2.19747 0.493
-1.60582 2.20213 0.493
-1.61539 2.20662 0.493
-1.62454 2.21092 0.493
-1.63331 2.21503 0.493
-1.64279 2.21963 0.493
-1.65183 2.22403 0.493
-1.66059 2.22826 0.493
-1.66928 2.23236 0.493
-1.6786 2.23686 0.493
-1.68755 2.24117 0.493
-1.69619 2.24533 0.493
-1.70548 2.24991 0.493
-1.71439 2.25432 0.493
-1.72301 2.25858 0.493
-1.73121 2.26261 0.493
-1.74015 2.26714 0.493
-1.74871 2.27148 0.493
-1.75703 2.27568 0.493
-1.76492 2.27964 0.493
-1.77356 2.28408 0.493
-1.78191 2.28837 0.493
-1.78985 2.29245 0.493
-1.79752 2.29638 0.493
-1.8059 2.30077 0.493
-1.81392 2.30498 0.493
-1.82165 2.30904 0.493
-1.82906 2.31291 0.493
-1.83731 2.31726 0.499
-1.84523 2.3214 0.499
-1.85287 2.3254 0.499
-1.86016 2.32917 0.499
-1.86822 2.33343 0.499
-1.876 2.33757 0.499
-1.88341 2.34147 0.499
-1.89056 2.34527 0.499
-1.89842 2.34947 0.466
-1.90596 2.35354 0.466
-1.91318 2.35746 0.466
-1.92114 2.36185 0.466
-1.92875 2.36604 0.466
-1.93612 2.37012 0.466
-1.94314 2.37399 0.433
-1.951 2.37839 0.433
-1.95849 2.38256 0.433
-1.96571 2.3866 0.433
-1.97254 2.39038 0.433
-1.98023 2.39473 0.433
-1.98753 2.39891 0.433
-1.99455 2.40297 0.433
-2.00122 2.40685 0.433
-2.00868 2.41122 0.433
-2.01583 2.41543 0.433
-2.02267 2.41947 0.433
-2.02924 2.42335 0.433
-2.03661 2.42772 0.433
-2.0436 2.43188 0.433
-2.05039 2.43594 0.433
-2.05682 2.4398 0.433
-2.06413 2.44418 0.433
-2.07096 2.44832 0.438
-2.0776 2.45233 0.438
-2.08401 2.45619 0.438
-2.09124 2.46054 0.438
-2.09813 2.46469 0.438
-2.10475 2.46867 0.457
-2.11222 2.47314 0.457
-2.11956 2.47746 0.457
-2.12658 2.48156 0.457
-2.13337 2.48551 0.457
-2.14093 2.48993 0.457
-2.14818 2.49416 0.457
-2.15513 2.49822 0.457
-2.16178 2.50211 0.457
-2.16925 2.50649 0.457
-2.1764 2.51069 0.457
-2.1832 2.51475 0.457
-2.18967 2.51859 0.457
-2.19686 2.52283 0.457
-2.20381 2.52691 0.457
-2.21039 2.53073 0.457
-2.21671 2.53439 0.457
-2.22383 2.53852 0.457
-2.23066 2.54249 0.457
-2.23727 2.54633 0.457
-2.24461 2.5506 0.457
-2.25169 2.55474 0.457
-2.25832 2.55872 0.457
-2.26459 2.56258 0.457
-2.27174 2.56699 0.457
-2.27851 2.57121 0.457
-2.28511 2.5753 0.457
-2.29133 2.57919 0.457
-2.29831 2.58357 0.457
-2.30505 2.58779 0.457
-2.31169 2.59189 0.434
-2.31794 2.59574 0.434
-2.32511 2.60015 0.434
-2.33207 2.60441 0.434
-2.33868 2.6085 0.434
-2.34608 2.61308 0.434
-2.35327 2.61749 0.434
-2.36008 2.62171 0.434
-2.36665 2.62577 0.434
-2.37396 2.6303 0.434
-2.3811 2.63467 0.434
-2.38782 2.63885 0.434
-2.39434 2.64284 0.434
-2.40155 2.64728 0.434
-2.40844 2.65152 0.438
-2.41514 2.6556 0.438
-2.42146 2.65948 0.465
-2.4286 2.66385 0.465
-2.43519 2.66796 0.465
-2.44171 2.67198 0.465
-2.44842 2.67595 0.465
-2.45559 2.68029 0.465
-2.46254 2.68444 0.465
-2.46911 2.68836 0.465
-2.47539 2.6921 0.465
-2.48259 2.69637 0.465
-2.4892 2.70031 0.465
-2.49549 2.7041 0.465
-2.5026 2.70838 0.465
-2.50959 2.71257 0.465
-2.51646 2.71663 0.465
-2.52308 2.72052 0.465
-2.5295 2.72428 0.465
-2.53661 2.72849 0.465
-2.54348 2.73256 0.465
-2.55016 2.7365 0.465
-2.55756 2.7409 0.465
-2.56468 2.74513 0.465
-2.57153 2.7492 0.465
-2.57805 2.75307 0.465
-2.58546 2.75748 0.465
-2.59251 2.76165 0.465
-2.59935 2.76568 0.465
-2.60584 2.76949 0.465
-2.61314 2.77379 0.465
-2.62014 2.7779 0.465
-2.62684 2.78185 0.465
-2.63327 2.78563 0.465
-2.64058 2.78994 0.465
-2.64753 2.79403 0.465
-2.65424 2.79798 0.465
-2.66054 2.80174 0.465
-2.66775 2.80605 0.465
-2.67451 2.81013 0.465
-2.68104 2.81408 0.465
-2.68845 2.81854 0.465
-2.69549 2.8228 0.465
-2.70226 2.82688 0.465
-2.70873 2.83079 0.465
-2.71602 2.83519 0.465
-2.72312 2.83946 0.465
-2.72999 2.84348 0.465
-2.73669 2.84735 0.465
-2.74415 2.85164 0.465
-2.7513 2.85574 0.465
-2.75815 2.85967 0.465
-2.76472 2.86342 0.465
-2.77214 2.86771 0.465
-2.77921 2.87176 0.465
-2.78605 2.87571 0.465
-2.79247 2.87938 0.465
-2.79963 2.88368 0.465
-2.80644 2.88785 0.465
-2.81298 2.89189 0.465
-2.8193 2.8958 0.465
-2.82639 2.90021 0.465
-2.83321 2.90445 0.465
-2.8398 2.90853 0.465
-2.84605 2.91243 0.465
-2.8532 2.91683 0.465
-2.85996 2.92106 0.465
-2.86655 2.92507 0.465
-2.87399 2.92954 0.465
-2.88112 2.93381 0.465
-2.88798 2.93789 0.465
-2.89454 2.94179 0.465
-2.90193 2.94618 0.465
-2.90906 2.95041 0.465
-2.91582 2.95442 0.465
-2.92237 2.95831 0.465
-2.92973 2.96277 0.465
-2.93696 2.96667 0.465
-2.94394 2.97008 0.461
-2.95066 2.97324 0.461
-2.95822 2.97701 0.461
-2.96546 2.98048 0.461
-2.97239 2.98361 0.57
-2.97903 2.98656 0.57
-2.98648 2.99011 0.57
-2.9935 2.99317 0.567
-3.00015 2.99673 0.567
-3.00753 3.00089 0.567
-3.01455 3.00496 0.567
-3.02127 3.00898 0.567
-3.0277 3.01289 0.567
-3.035 3.01739 0.567
-3.04194 3.02167 0.567
-3.04861 3.02581 1.498
-3.05498 3.02977 1.498
-3.06223 3.03423 3.258
-3.06934 3.03857 3.258
-3.07616 3.04268 3.257
-3.08269 3.04662 3.257
-3.08999 3.05104 3.257
-3.0969 3.05522 3.257
-3.10355 3.05926 3.257
-3.10979 3.06292 3.257
-3.11686 3.06713 3.257
-3.12354 3.071 3.257
-3.1299 3.07471 3.257
-3.13589 3.07822 3.257
-3.14159 3.08156 0.3
-3.14814 3.08542 0.3
-3.1544 3.0891 0.3
-3.16041 3.09267 0.3
-3.16631 3.09626 0.3
-3.17187 3.09953 0.3
-3.17839 3.10346 0.3
-3.18455 3.10706 0.3
-3.19053 3.11045 0.3
-3.19644 3.11398 0.3
-3.20317 3.11805 0.3
-3.20971 3.12212 0.3
-3.21595 3.12604 0.355
-3.22201 3.1299 0.355
-3.22776 3.13358 0.394
-3.23441 3.13782 0.394
-3.24073 3.14185 0.471
-3.24678 3.14572 0.471
-3.25264 3.14953 0.534
-3.25946 3.15481 0.534
-3.26639 3.16285 0.534
-3.27347 3.17401 0.534
-3.28057 3.18535 0.617
-3.28907 3.19676 0.617
-3.29746 3.2078 0.777
-3.30632 3.21974 0.777
-3.31331 3.22927 0.856
-3.31912 3.23948 0.856
-3.32408 3.25193 0.94
-3.32916 3.26448 0.94
-3.33297 3.27637 1.022
-3.33609 3.28982 1.022
-3.33584 3.30072 1.114
-3.32898 3.31217 1.114
-3.32452 3.32113 1.114
-3.3228 3.32717 1.114
-3.3189 3.3323 1.114
-3.31355 3.33646 1.114
-3.30636 3.33951 1.114
-3.29677 3.34378 1.183
-3.28666 3.34741 1.183
-3.27596 3.3523 1.183
-3.25257 3.35133 1.356
-3.23064 3.351 1.356
-3.21053 3.35084 1.378
-3.19058 3.34975 1.378
-3.17234 3.34738 1.404
-3.15382 3.34421 1.404
-3.13491 3.33774 1.404
-3.11781 3.33034 1.428
-3.10161 3.32347 1.428
-3.08553 3.3162 1.431
-3.07067 3.30785 1.431
-3.05667 3.29956 1.453
-3.04088 3.29215 1.453
-3.02602 3.28423 1.453
-3.01398 3.27249 1.453
-3.00278 3.26269 1.453
-2.99112 3.25591 1.453
-2.97781 3.24982 1.457
-2.96493 3.2434 1.457
-2.9519 3.23747 1.486
-2.9392 3.23194 1.486
-2.92539 3.22732 1.503
-2.91127 3.2223 1.503
-2.88638 3.2149 1.514
-2.87554 3.20502 1.514
-2.86611 3.19567 1.524
-2.85727 3.18719 1.524
-2.84968 3.177 1.54
-2.84309 3.16754 1.54
-2.83717 3.15893 1.549
-2.83047 3.15136 1.549
-2.82418 3.14588 1.568
-2.81829 3.14213 1.568
-2.813 3.14164 1.571
-2.80688 3.14348 1.586
-2.79954 3.14198 1.586
-2.79255 3.13947 1.593
-2.78792 3.13574 1.593
-2.78466 3.13283 1.605
-2.78251 3.1315 1.605
-2.77836 3.13405 1.622
-2.77075 3.13874 1.622
-2.76201 3.14358 1.623
-2.75589 3.14664 1.623
-2.7505 3.14785 1.641
-2.74756 3.14546 1.641
-2.7463 3.14078 1.655
-2.74364 3.1378 1.655
-2.74166 3.13768 1.666
-2.73708 3.14052 1.666
-2.73459 3.14298 1.666
-2.73125 3.14569 1.666
-2.72913 3.14859 1.681
-2.72344 3.15034 1.681
-2.7156 3.15113 1.702
-2.70835 3.15044 1.702
-2.70248 3.14854 1.724
-2.69776 3.14645 1.724
-2.69224 3.14507 1.726
-2.68518 3.14554 1.726
-2.67712 3.14776 1.756
-2.66986 3.14977 1.756
-2.66377 3.15281 1.761
-2.65823 3.1544 1.761
-2.65369 3.15466 1.779
-2.65148 3.15505 1.779
-2.65259 3.15773 1.795
-2.65521 3.15957 1.795
-2.65736 3.16152 1.801
-2.65792 3.16329 1.801
-2.65689 3.16534 1.816
-2.65517 3.16618 1.816
-2.65355 3.16823 1.821
-2.65211 3.17066 1.822
-2.6512 3.17355 1.822
-2.65275 3.17787 1.821
-2.65688 3.17988 1.821
-2.663 3.1799 1.812
-2.66918 3.17794 1.812
-2.67592 3.17446 1.812
-2.67968 3.16981 1.809
-2.68259 3.1639 1.809
-2.68268 3.15946 1.768
-2.68364 3.15496 1.768
-2.68475 3.15118 1.768
-2.6847 3.14837 1.768
-2.6823 3.1453 1.752
-2.67821 3.14025 1.752
-2.67134 3.13226 1.75
-2.66264 3.12558 1.75
-2.6561 3.11809 1.75
-2.65262 3.10902 1.75
-2.64909 3.0989 1.754
-2.64273 3.08975 1.754
-2.63357 3.07843 1.759
-2.62441 3.06891 1.77
-2.61704 3.06405 1.77
-2.61115 3.06111 1.779
-2.60453 3.05913 1.779
-2.59797 3.05608 1.78
-2.5914 3.0516 1.78
-2.58675 3.04916 1.802
-2.58532 3.04958 1.802
-2.58479 3.0528 1.817
-2.58232 3.05648 1.817
-2.57926 3.05934 1.817
-2.57769 3.06304 1.817
-2.5768 3.068 1.831
-2.57193 3.0775 1.831
-2.56838 3.08492 1.855
-2.56489 3.09079 1.855
-2.55754 3.09865 1.86
-2.54611 3.1138 1.86
-2.53551 3.13034 1.885
-2.52626 3.14419 1.885
-2.51876 3.15391 1.889
-2.51502 3.16164 1.889
-2.51204 3.17168 1.901
-2.50917 3.1823 1.901
-2.50383 3.19198 1.909
-2.4967 3.19662 1.909
-2.48874 3.1983 1.916
-2.47701 3.1962 1.916
-2.46784 3.19731 1.945
-2.46019 3.20116 1.945
-2.45037 3.20734 1.952
-2.44267 3.21349 1.952
-2.43842 3.21829 1.952
-2.43567 3.22236 1.952
-2.43368 3.22665 1.966
-2.42899 3.22835 1.966
-2.42771 3.23253 1.966
-2.42966 3.2385 1.966
-2.43425 3.24402 1.998
-2.43817 3.24837 1.998
-2.43685 3.25393 2.014
-2.43143 3.26243 2.014
-2.42426 3.27138 2.025
-2.41963 3.28236 2.025
-2.41707 3.2908 2.041
-2.40905 3.29371 2.041
-2.39755 3.29522 2.041
-2.38906 3.29882 2.041
-2.37877 3.30158 2.055
-2.36675 3.30439 2.055
-2.35167 3.3089 2.068
-2.33436 3.31486 2.068
-2.32228 3.31512 2.086
-2.31639 3.30959 2.086
-2.31014 3.30612 2.088
-2.30234 3.30981 2.086
-2.29419 3.31349 2.086
-2.28528 3.3152 2.08
-2.27699 3.31615 2.08
-2.27294 3.31743 2.033
-2.27358 3.31981 2.033
-2.27713 3.3241 1.982
-2.27944 3.32662 1.982
-2.2743 3.32503 1.982
-2.26573 3.32206 1.982
-2.25511 3.31933 1.936
-2.24633 3.31679 1.936
-2.23812 3.31424 1.936
-2.23057 3.31378 1.936
-2.22521 3.31247 1.807
-2.2216 3.30852 1.807
-2.21648 3.30374 1.807
-2.20725 3.30011 1.719
-2.1946 3.29764 1.683
-2.18072 3.29613 1.683
-2.16767 3.29589 1.665
-2.15755 3.29386 1.665
-2.14681 3.29348 1.608
-2.13842 3.29235 1.608
-2.13175 3.29195 1.576
-2.12291 3.29493 1.576
-2.11048 3.29151 1.538
-2.09573 3.28685 1.538
-2.08097 3.28213 1.504
-2.0669 3.27754 1.504
-2.05683 3.27515 1.462
-2.04937 3.27512 1.462
-2.03902 3.27787 1.443
-2.02598 3.27838 1.402
-2.01007 3.27763 1.402
-2.00214 3.28893 1.402
-1.98105 3.28355 1.362
-1.95924 3.27937 1.362
-1.93638 3.27523 1.325
-1.91538 3.27007 1.325
-1.89838 3.26656 1.3
-1.88327 3.26641 1.3
-1.86961 3.26271 1.273
-1.85239 3.26209 1.273
-1.83572 3.26294 1.247
-1.82017 3.2635 1.247
-1.80212 3.26558 1.237
-1.78576 3.2674 1.237
-1.77175 3.27059 1.225
-1.76123 3.27483 1.225
-1.75277 3.27756 1.205
-1.74473 3.28161 1.205
-1.73183 3.27926 1.197
-1.71779 3.27556 1.197
-1.70399 3.27327 1.185
-1.6922 3.27292 1.185
-1.68066 3.27314 1.184
-1.6678 3.27306 1.184
-1.65149 3.27291 1.172
-1.63349 3.27304 1.172
-1.61576 3.27271 1.169
-1.60095 3.2688 1.161
-1.58686 3.26342 1.161
-1.5725 3.25666 1.16
-1.55767 3.25084 1.16
-1.54265 3.24583 1.16
-1.5286 3.24099 1.16
-1.51628 3.23403 1.157
-1.50392 3.22734 1.157
-1.49182 3.21975 1.157
-1.48109 3.21332 1.154
-1.47257 3.20775 1.154
-1.46466 3.20329 1.154
-1.45679 3.19746 1.157
-1.44968 3.1899 1.157
-1.44321 3.18297 1.159
-1.43657 3.17852 1.159
-1.43012 3.17531 1.169
-1.42503 3.17085 1.169
-1.41822 3.16604 1.169
-1.40873 3.16148 1.169
-1.39961 3.15606 1.169
-1.39318 3.15082 1.169
-1.38902 3.14652 1.185
-1.38603 3.1436 1.185
-1.38228 3.14203 1.189
-1.37608 3.14037 1.189
-1.36608 3.13808 1.197
-1.35393 3.13456 1.197
-1.34193 3.12927 1.201
-1.33112 3.12272 1.213
-1.32153 3.11754 1.213
-1.31223 3.1123 1.221
-1.30309 3.10804 1.221
-1.29335 3.10439 1.228
-1.28416 3.10068 1.228
-1.27548 3.09558 1.228
-1.26622 3.0913 1.246
-1.25875 3.09051 1.249
-1.2527 3.08961 1.249
-1.24673 3.08643 1.249
-1.24027 3.08119 1.257
-1.2364 3.078 1.263
-1.23407 3.07511 1.263
-1.25274 3.08037 1.273
-1.26773 3.08378 1.273
-1.28219 3.08667 1.282
-1.29993 3.08983 1.282
-1.31921 3.09126 1.288
-1.33504 3.09276 1.288
-1.34767 3.09547 1.297
-1.35858 3.09918 1.297
-1.36927 3.10527 1.303
-1.38285 3.10951 1.311
-1.383 3.10625 1.311
-1.39501 3.10772 1.311
-1.40485 3.10984 1.33
-1.41643 3.11252 1.33
-1.43069 3.11546 1.334
-1.44678 3.11825 1.334
-1.46072 3.12263 1.342
-1.4723 3.12632 1.342
-1.48302 3.12817 1.342
-1.49348 3.12853 1.342
-1.50327 3.12843 1.35
-1.51379 3.13076 1.35
-1.52438 3.13373 1.353
-1.53476 3.13537 1.353
-1.54439 3.13847 1.365
-1.55452 3.14152 1.365
-1.56607 3.14555 1.369
-1.57819 3.14871 1.373
-1.59112 3.15131 1.373
-1.60452 3.15461 1.388
-1.61834 3.15858 1.388
-1.63201 3.1609 1.39
-1.64545 3.16192 1.39
-1.65608 3.1629 1.39
-1.66477 3.1657 1.405
-1.66988 3.16779 1.408
-1.67315 3.16778 1.408
-1.67545 3.16819 1.416
-1.67754 3.16873 1.416
-1.67991 3.16918 1.416
-1.6814 3.17076 1.416
-1.68224 3.17384 1.416
-1.68151 3.17483 1.416
-1.68054 3.1732 1.43
-1.67807 3.17074 1.43
-1.67599 3.16763 1.43
-1.67298 3.16674 1.435
-1.66783 3.16534 1.435
-1.66592 3.16795 1.436
-1.66472 3.16996 1.447
-1.66449 3.17038 1.447
-1.67206 3.17483 1.452
-1.67784 3.17924 1.452
-1.68405 3.18723 1.457
-1.68841 3.1958 1.457
-1.69288 3.20227 1.464
-1.6956 3.2075 1.464
-1.70018 3.21361 1.465
-1.7072 3.22145 1.465
-1.71441 3.2326 1.479
-1.72281 3.24765 1.479
-1.72731 3.26167 1.479
-1.73116 3.27517 1.479
-1.73332 3.29012 1.483
-1.73231 3.30632 1.483
-1.73171 3.32099 1.498
-1.73189 3.33683 1.498
-1.73605 3.35131 1.508
-1.73956 3.36569 1.512
-1.73666 3.37798 1.512
-1.73885 3.38991 1.512
-1.74281 3.40103 1.517
-1.74698 3.41562 1.517
-1.74983 3.42974 1.517
-1.74956 3.44299 1.517
-1.75006 3.45692 1.522
-1.75081 3.4707 1.522
-1.75312 3.48537 1.522
-1.75569 3.49942 1.522
-1.7575 3.51374 1.524
-1.75957 3.53007 1.537
-1.75885 3.54601 1.537
-1.7623 3.56053 1.537
-1.76795 3.57399 1.537
-1.77454 3.58817 1.537
-1.78173 3.60544 1.537
-1.78889 3.62018 1.542
-1.79532 3.63254 1.542
-1.78871 3.61922 1.543
-1.78525 3.60702 1.543
-1.78475 3.60004 1.543
-1.78397 3.5932 1.543
-1.78527 3.59188 1.551
-1.7872 3.59183 1.551
-1.79014 3.59366 1.557
-1.7941 3.59764 1.557
-1.79986 3.6035 1.557
-1.80671 3.61301 1.557
-1.8138 3.62091 1.563
-1.81969 3.62669 1.563
-1.82217 3.6323 1.563
-1.82085 3.63662 1.563
-1.81805 3.63982 1.563
-1.81365 3.64573 1.563
-1.80647 3.64827 1.571
-1.79893 3.65239 1.571
-1.78925 3.65627 1.586
-1.77615 3.65996 1.586
-1.75921 3.66436 1.587
-1.74588 3.66861 1.587
-1.73419 3.67223 1.587
-1.71889 3.67772 1.587
-1.70133 3.68185 1.587
-1.68397 3.68446 1.587
-1.66788 3.68833 1.587
-1.65004 3.69089 1.587
-1.63275 3.69537 1.588
-1.61652 3.698 1.588
-1.60404 3.70032 1.588
-1.58793 3.70402 1.588
-1.57494 3.70956 1.585
-1.56439 3.71664 1.585
-1.55567 3.72855 1.585
-1.5478 3.73906 1.585
-1.53957 3.74763 1.585
-1.53206 3.75756 1.585
-1.52458 3.76615 1.585
-1.51421 3.77708 1.582
-1.49929 3.78622 1.582
-1.48846 3.79814 1.582
-1.48241 3.81596 1.579
-1.47401 3.83421 1.579
-1.46796 3.85182 1.578
-1.46102 3.8689 1.578
-1.45423 3.88453 1.579
-1.44656 3.89838 1.579
-1.43858 3.91256 1.579
-1.42983 3.92802 1.579
-1.42317 3.94437 1.592
-1.42039 3.95708 1.592
-1.41616 3.96734 1.592
-1.41071 3.97617 1.592
-1.40402 3.9852 1.592
-1.39928 3.99462 1.567
-1.39537 4.00308 1.567
-1.39116 4.01959 1.567
-1.39044 4.03774 1.567
-1.38994 4.05817 1.567
-1.38678 4.07996 1.567
-1.38149 4.09982 1.57
-1.37602 4.11917 1.57
-1.37151 4.13646 1.57
-1.36755 4.15228 1.57
-1.36413 4.1665 1.582
-1.36083 4.17889 1.582
-1.35744 4.18626 1.582
-1.35144 4.18974 1.582
-1.34576 4.19164 1.582
-1.34204 4.19228 1.597
-1.33943 4.19276 1.597
-1.33716 4.19397 1.605
-1.33427 4.19455 1.609
-1.33021 4.19639 1.609
-1.32784 4.20154 1.611
-1.3295 4.20653 1.611
-1.3342 4.20907 1.609
-1.34659 4.21628 1.609
-1.36024 4.22456 1.612
-1.37567 4.23332 1.612
-1.38991 4.24044 1.612
-1.40157 4.24443 1.612
-1.41048 4.24698 1.616
-1.41791 4.24762 1.616
-1.42698 4.24589 1.629
-1.4361 4.24099 1.629
-1.44311 4.23755 1.634
-1.44933 4.23173 1.634
-1.45226 4.22712 1.646
-1.45308 4.21997 1.646
-1.45499 4.21102 1.655
-1.45568 4.20114 1.655
-1.4564 4.19199 1.668
-1.45918 4.1831 1.668
-1.4615 4.17517 1.677
-1.46539 4.17044 1.677
-1.46731 4.1652 1.682
-1.47155 4.1634 1.682
-1.47377 4.16228 1.682
-1.47761 4.16518 1.682
-1.48375 4.16851 1.688
-1.4947 4.17337 1.688
-1.50519 4.17934 1.709
-1.5176 4.18714 1.709
-1.53513 4.19511 1.717
-1.5516 4.2014 1.717
-1.56528 4.20334 1.729
-1.58202 4.20716 1.729
-1.60012 4.21186 1.729
-1.61782 4.21635 1.735
-1.63409 4.21918 1.735
-1.63204 4.2063 1.735
-1.64845 4.20653 1.746
-1.66504 4.20796 1.766
-1.67978 4.21257 1.766
-1.69619 4.21584 1.792
-1.71236 4.21927 1.792
-1.72753 4.21476 1.777
-1.74436 4.2149 1.777
-1.7598 4.22003 1.785
-1.77202 4.21969 1.785
-1.78546 4.22081 1.785
-1.80086 4.22323 1.785
-1.81746 4.22271 1.803
-1.83333 4.22223 1.803
-1.84602 4.22294 1.806
-1.8568 4.22627 1.806
-1.87068 4.23165 1.822
-1.88381 4.23571 1.822
-1.89595 4.2414 1.822
-1.92158 4.25476 1.822
-1.94586 4.2699 1.822
-1.97104 4.28281 1.822
-1.99552 4.29489 1.823
-2.02035 4.30456 1.823
-2.04331 4.31825 1.845
-2.0672 4.33125 1.845
-2.08961 4.34151 1.865
-2.11324 4.35344 1.865
-2.13726 4.36854 1.887
-2.15858 4.37878 1.887
-2.18315 4.38871 1.887
-2.21017 4.39611 1.887
-2.23913 4.40373 1.887
-2.26601 4.41417 1.887
-2.28944 4.42023 1.887
-2.31437 4.42464 1.911
-2.34124 4.42886 1.911
-2.36732 4.4364 1.911
-2.39045 4.44707 1.92
-2.41714 4.45459 1.92
-2.44249 4.45982 1.927
-2.46886 4.46319 1.927
-2.49367 4.46519 1.941
-2.5172 4.46535 1.941
-2.54273 4.46613 1.941
-2.56886 4.46389 1.941
-2.59512 4.45884 1.941
-2.62036 4.45276 1.941
-2.64367 4.44745 1.966
-2.66908 4.43916 1.966
-2.69855 4.42757 1.966
-2.72756 4.4149 1.966
-2.75828 4.40055 1.949
-2.78585 4.38876 1.944
-2.81135 4.37757 1.944
-2.83478 4.36626 1.943
-2.85988 4.35281 1.943
-2.88346 4.33871 1.928
-2.91036 4.32338 1.928
-2.93756 4.31025 1.925
-2.96664 4.29659 1.925
-2.99619 4.28855 1.923
-3.02427 4.28112 1.923
-3.04856 4.27432 1.919
-3.07265 4.26473 1.919
-3.09651 4.25221 1.913
-3.11973 4.24417 1.913
-3.12451 4.24266 1.913
-3.12728 4.23697 1.913
-3.12614 4.23304 1.913
-3.12641 4.2282 1.913
-3.12571 4.22093 1.917
-3.12566 4.2156 1.917
-3.12626 4.21121 1.905
-3.12769 4.20657 1.905
-3.12985 4.19979 1.898
-3.13568 4.19228 1.898
-3.14277 4.18773 1.892
-3.15249 4.18925 1.892
-3.16068 4.19005 1.89
-3.16978 4.19399 1.89
-3.18424 4.19861 1.89
-3.19775 4.20489 1.89
-3.20966 4.21027 1.879
-3.223 4.21592 1.879
-3.2355 4.22009 1.879
-3.24718 4.22958 1.868
-3.25693 4.23633 1.868
-3.26358 4.24228 1.868
-3.26943 4.24469 1.867
-3.27761 4.24969 1.866
-3.28678 4.25502 1.866
-3.29775 4.26456 1.856
-3.30781 4.27079 1.856
-3.3166 4.27486 1.856
-3.32588 4.27683 1.856
-3.33622 4.27571 1.856
-3.34798 4.27517 1.856
-3.36159 4.27505 1.841
-3.37739 4.27437 1.841
-3.39357 4.27398 1.835
-3.41223 4.26644 1.835
-3.42859 4.26458 1.823
-3.44629 4.26016 1.823
-3.46307 4.24741 1.81
-3.47657 4.23918 1.81
-3.49003 4.23748 1.806
-3.50378 4.2301 1.806
-3.52088 4.22289 1.797
-3.54226 4.21586 1.797
-3.56349 4.2086 1.797
-3.58255 4.20328 1.797
-3.60498 4.19884 1.792
-3.62847 4.19555 1.792
-3.65271 4.19508 1.79
-3.68193 4.19571 1.79
-3.71006 4.19801 1.79
-3.73589 4.2002 1.78
-3.76249 4.19876 1.78
-3.78816 4.19966 1.78
-3.81531 4.20033 1.78
-3.84191 4.20059 1.78
-3.86747 4.19909 1.777
-3.88845 4.19614 1.764
-3.90477 4.19312 1.764
-3.91709 4.19743 1.749
-3.92767 4.20382 1.749
-3.93895 4.213 1.742
-3.95274 4.22231 1.742
-3.96476 4.23269 1.742
-3.97463 4.2445 1.742
-3.9857 4.25329 1.748
-3.99951 4.26016 1.748
-4.01549 4.26035 1.748
-4.03138 4.26013 1.748
-4.04531 4.2624 1.742
-4.05905 4.26569 1.742
-4.0713 4.2701 1.742
-4.08055 4.27537 1.742
-4.08666 4.28267 1.742
-4.09407 4.28838 1.742
-4.10207 4.29244 1.743
-4.1098 4.29548 1.743
-4.12321 4.29773 1.743
-4.13709 4.30041 1.743
-4.14791 4.3008 1.743
-4.15672 4.30223 1.743
-4.16486 4.3033 1.744
-4.17084 4.30421 1.744
-4.17702 4.30708 1.753
-4.18411 4.30943 1.753
-4.19212 4.31127 1.757
-4.19922 4.31188 1.757
-4.20162 4.30648 1.757
-4.20169 4.30176 1.757
-4.19845 4.29402 1.761
-4.1978 4.28656 1.761
-4.19639 4.27982 1.761
-4.19105 4.27051 1.761
-4.18513 4.26154 1.773
-4.18129 4.25625 1.773
-4.1771 4.25088 1.766
-4.17129 4.23866 1.774
-4.16606 4.22682 1.774
-4.16443 4.21905 1.774
-4.16546 4.21325 1.774
-4.16354 4.20678 1.776
-4.15948 4.19838 1.776
-4.1537 4.18689 1.782
-4.15033 4.17417 1.782
-4.14727 4.16029 1.782
-4.14515 4.14412 1.782
-4.14568 4.12771 1.783
-4.14851 4.11255 1.783
-4.15192 4.09961 1.783
-4.15341 4.08894 1.785
-4.15269 4.07757 1.798
-4.15191 4.06458 1.798
-4.15233 4.05156 1.798
-4.15475 4.0359 1.798
-4.15597 4.01915 1.801
-4.15278 3.9997 1.801
-4.15085 3.98376 1.803
-4.14949 3.96743 1.803
-4.14458 3.94761 1.803
-4.13886 3.92771 1.803
-4.13208 3.9109 1.808
-4.12552 3.8946 1.808
-4.11803 3.87656 1.8
-4.10994 3.85774 1.8
-4.10375 3.83685 1.808
-4.10011 3.8146 1.808
-4.09863 3.79465 1.803
-4.09668 3.77822 1.803
-4.09619 3.76117 1.803
-4.09415 3.74657 1.803
-4.09225 3.73171 1.81
-4.09259 3.71724 1.81
-4.09409 3.70618 1.81
-4.09496 3.69402 1.81
-4.09616 3.68244 1.81
-4.09549 3.67005 1.81
-4.09717 3.65493 1.822
-4.09964 3.64194 1.822
-4.1033 3.63256 1.822
-4.1029 3.62353 1.822
-4.099 3.61521 1.814
-4.09557 3.6078 1.814
-4.09269 3.60082 1.814
-4.08975 3.59242 1.814
-4.08405 3.58222 1.814
-4.07842 3.57314 1.823
-4.07112 3.58176 1.823
-4.06207 3.59069 1.823
-4.0532 3.59861 1.823
-4.04546 3.58114 1.823
-4.03783 3.56243 1.823
-4.02909 3.54397 1.823
-4.01918 3.52537 1.823
-4.00905 3.50466 1.823
-4.00154 3.47109 1.823
-3.99556 3.4407 1.825
-3.98809 3.40862 1.825
-3.97754 3.39209 1.825
-3.96737 3.38029 1.825
-3.95829 3.36759 1.839
-3.95029 3.35152 1.839
-3.9389 3.33678 1.847
-3.92483 3.32352 1.847
-3.91481 3.30849 1.851
-3.907 3.28653 1.851
-3.89674 3.26586 1.861
-3.8832 3.24703 1.861
-3.87231 3.23065 1.871
-3.86604 3.2146 1.871
-3.86121 3.19693 1.879
-3.8538 3.17662 1.879
-3.84446 3.15649 1.888
-3.83673 3.13811 1.888
-3.8314 3.12033 1.889
-3.82395 3.10201 1.902
-3.81282 3.08445 1.902
-3.79775 3.0659 1.902
-3.77792 3.04872 1.906
-3.75902 3.03344 1.906
-3.74154 3.01427 1.912
-3.72692 2.99592 1.931
-3.71712 2.9801 1.931
-3.7124 2.96793 1.931
-3.70832 2.95616 1.931
-3.70318 2.94656 1.931
-3.69638 2.93953 1.931
-3.68773 2.93215 1.93
-3.67688 2.92718 1.93
-3.66567 2.92368 1.93
-3.65499 2.9228 1.93
-3.64594 2.92273 1.93
-3.64022 2.92052 1.93
-3.63488 2.91993 1.931
-3.6303 2.91927 1.931
-3.62658 2.92056 1.931
-3.62296 2.91965 1.931
-3.62052 2.92109 1.931
-3.61776 2.92242 1.931
-3.60927 2.921 1.931
-3.59952 2.91885 1.931
-3.58737 2.91441 1.935
-3.5743 2.91048 1.935
-3.56235 2.90995 1.931
-3.55898 2.90909 1.931
-3.55658 2.90872 1.925
-3.55327 2.90593 1.925
-3.53684 2.90333 1.918
-3.51781 2.90403 1.918
-3.49604 2.90144 1.916
-3.47512 2.90443 1.916
-3.45801 2.91085 1.918
-3.44042 2.91784 1.918
-3.42672 2.92292 1.916
-3.41414 2.92971 1.914
-3.39494 2.93091 1.914
-3.37228 2.93189 1.914
-3.34471 2.93301 1.914
-3.31761 2.93226 1.917
-3.29066 2.93098 1.917
-3.26172 2.93025 1.917
-3.23403 2.93245 1.917
-3.21028 2.93541 1.917
-3.18809 2.93834 1.91
-3.16874 2.93992 1.91
-3.14943 2.94022 1.91
-3.12838 2.94011 1.908
-3.10882 2.93814 1.908
-3.08783 2.93664 1.91
-3.06681 2.9355 1.91
-3.04589 2.93556 1.907
-3.02381 2.93653 1.907
-3.00333 2.93734 1.898
-2.98209 2.93604 1.898
-2.96413 2.93906 1.898
-2.95047 2.94231 1.898
-2.93895 2.94589 1.895
-2.92897 2.94793 1.895
-2.91951 2.94977 1.898
-2.90788 2.94815 1.898
-2.89597 2.94479 1.895
-2.88215 2.93692 1.895
-2.86776 2.93077 1.886
-2.85155 2.92518 1.886
-2.83552 2.92335 1.879
-2.81979 2.91649 1.879
-2.80432 2.9099 1.875
-2.78895 2.90311 1.875
-2.77674 2.89474 1.873
-2.76655 2.88573 1.873
-2.75718 2.87747 1.867
-2.74846 2.87055 1.867
-2.74037 2.86512 1.864
-2.7321 2.85974 1.864
-2.72513 2.85171 1.857
-2.72061 2.84411 1.857
-2.71599 2.83669 1.852
-2.70911 2.83058 1.852
-2.69781 2.82304 1.833
-2.68605 2.81485 1.833
-2.67492 2.80636 1.827
-2.66148 2.79781 1.827
-2.64567 2.79157 1.827
-2.62585 2.78127 1.825
-2.60723 2.77444 1.825
-2.58968 2.7705 1.809
-2.57105 2.76534 1.809
-2.55266 2.75782 1.803
-2.53509 2.74669 1.803
-2.515 2.74105 1.8
-2.4967 2.73545 1.8
-2.47948 2.73155 1.793
-2.45814 2.72764 1.793
-2.43615 2.72094 1.789
-2.40224 2.71627 1.789
-2.36982 2.71128 1.789
-2.33949 2.70514 1.789
-2.30999 2.69863 1.784
-2.28309 2.69186 1.784
-2.25358 2.68516 1.784
-2.22178 2.68128 1.784
-2.18897 2.67484 1.774
-2.15228 2.67034 1.774
-2.11723 2.66453 1.773
-2.08318 2.65482 1.773
-2.04363 2.64227 1.774
-2.00704 2.63019 1.774
-1.97089 2.62306 1.774
-1.93319 2.61238 1.774
-1.89575 2.60171 1.774
-1.86082 2.59317 1.774
-1.82778 2.58249 1.781
-1.79515 2.56939 1.781
-1.76252 2.5602 1.781
-1.73186 2.55346 1.781
-1.70332 2.54759 1.781
-1.67594 2.54091 1.782
-1.64871 2.53453 1.782
-1.62304 2.52667 1.782
-1.59584 2.51999 1.782
-1.56754 2.51029 1.782
-1.54298 2.4989 1.787
-1.52324 2.48832 1.787
-1.5052 2.4785 1.787
-1.48466 2.46964 1.787
-1.4638 2.46298 1.787
-1.44529 2.4567 1.787
-1.42713 2.44846 1.782
-1.4089 2.44062 1.782
-1.39071 2.4368 1.782
-1.37185 2.43326 1.783
-1.35249 2.43047 1.783
-1.33222 2.42719 1.785
-1.31063 2.42338 1.785
-1.28773 2.42089 1.788
-1.26376 2.41899 1.788
-1.23956 2.41519 1.789
-1.21685 2.41309 1.789
-1.19734 2.40982 1.797
-1.17741 2.40937 1.797
-1.15865 2.40836 1.814
-1.13994 2.4079 1.814
-1.12209 2.41526 1.808
-1.10626 2.42233 1.808
-1.08875 2.43217 1.808
-1.07498 2.43945 1.808
-1.06298 2.44253 1.808
-1.05294 2.44651 1.808
-1.04258 2.44945 1.808
-1.03209 2.45753 1.808
-1.02289 2.4688 1.82
-1.01215 2.47893 1.82
-1.00466 2.48776 1.821
-0.996463 2.49406 1.821
-0.987669 2.50441 1.827
-0.980072 2.51994 1.827
-0.974071 2.53794 1.833
-0.969765 2.55539 1.833
-0.968266 2.57343 1.842
-0.961468 2.59169 1.842
-0.960546 2.60644 1.847
-0.958748 2.62124 1.851
-0.95567 2.63253 1.851
-0.954042 2.63781 1.861
-0.951278 2.64493 1.861
-0.947243 2.65129 1.874
-0.945265 2.65979 1.874
-0.940909 2.66445 1.874
-0.937302 2.67015 1.874
-0.932811 2.67827 1.874
-0.928212 2.68587 1.874
-0.923632 2.6925 1.871
-0.920087 2.6999 1.861
-0.916635 2.71003 1.861
-0.915194 2.72032 1.861
-0.916681 2.72983 1.86
-0.92216 2.74393 1.86
-0.928523 2.75888 1.86
-0.932457 2.77304 1.86
-0.93446 2.78881 1.854
-0.935102 2.80622 1.854
-0.931625 2.82177 1.854
-0.928944 2.83499 1.854
-0.926683 2.8501 1.852
-0.924399 2.86594 1.852
-0.924555 2.88227 1.862
-0.922442 2.89619 1.862
-0.919464 2.91251 1.86
-0.911516 2.92992 1.86
-0.902541 2.94773 1.86
-0.894573 2.97234 1.853
-0.883694 2.99442 1.853
-0.879089 3.01837 1.853
-0.873128 3.04092 1.853
-0.868588 3.06596 1.853
-0.862292 3.09757 1.853
-0.8558 3.12984 1.854
-0.849556 3.16157 1.854
-0.845016 3.19566 1.85
-0.843441 3.22651 1.85
-0.840224 3.25591 1.856
-0.838263 3.29119 1.856
-0.840839 3.32784 1.856
-0.842615 3.36465 1.856
-0.842684 3.40631 1.851
-0.841689 3.44629 1.851
-0.841497 3.49079 1.851
-0.841919 3.53606 1.851
-0.843867 3.58116 1.851
-0.847424 3.62342 1.851
-0.851537 3.66129 1.846
-0.846305 3.67907 1.846
-0.84213 3.69701 1.838
-0.837737 3.71275 1.838
-0.836872 3.7253 1.837
-0.838074 3.73843 1.837
-0.843357 3.75383 1.83
-0.850329 3.76912 1.83
-0.858868 3.78328 1.827
-0.863768 3.80144 1.827
-0.866874 3.81906 1.822
-0.872199 3.83632 1.822
-0.878822 3.8527 1.827
-0.88851 3.86605 1.827
-0.898817 3.879 1.823
-0.905978 3.89218 1.823
-0.908604 3.90581 1.823
-0.907241 3.91979 1.823
-0.908577 3.93488 1.823
-0.911904 3.94958 1.823
-0.915165 3.96375 1.823
-0.917841 3.97741 1.823
-0.921643 3.99114 1.816
-0.925973 4.00388 1.816
-0.931487 4.01671 1.824
-0.937723 4.02864 1.824
-0.943482 4.03557 1.835
-0.94847 4.03635 1.835
-0.95303 4.03195 1.835
-0.959528 4.02551 1.835
-0.971257 4.01739 1.835
-0.985826 3.99964 1.835
-1.00171 3.97673 1.835
-1.01513 3.96255 1.835
-1.02522 3.96613 1.835
-1.03252 3.96349 1.819
-1.04001 3.9543 1.819
-1.04715 3.93767 1.819
-1.05624 3.92546 1.819
-1.07063 3.91199 1.819
-1.08429 3.90679 1.778
-1.09923 3.90282 1.778
-1.11293 3.90001 1.778
-1.12692 3.89898 1.807
-1.14572 3.89759 1.807
-1.16456 3.89221 1.807
-1.19015 3.88569 1.807
-1.21643 3.87628 1.807
-1.24222 3.86758 1.861
-1.26723 3.85944 1.861
-1.28844 3.85129 1.863
-1.30607 3.84355 1.863
-1.32683 3.84131 1.863
-1.35004 3.83898 1.863
-1.37493 3.83229 1.863
-1.40003 3.83232 1.865
-1.42397 3.8339 1.865
-1.44649 3.83408 1.874
-1.4738 3.83111 1.874
-1.49966 3.82934 1.874
-1.52466 3.831 1.874
-1.55274 3.82906 1.875
-1.58119 3.8268 1.875
-1.60936 3.82513 1.879
-1.64042 3.82261 1.879
-1.66796 3.8206 1.879
-1.69068 3.82006 1.879
-1.71321 3.81963 1.885
-1.73287 3.82241 1.885
-1.75636 3.82297 1.889
-1.77947 3.82421 1.889
-1.80066 3.82299 1.895
-1.83586 3.81505 1.901
-1.87018 3.80881 1.901
-1.90193 3.80199 1.901
-1.93661 3.79604 1.914
-1.97304 3.7894 1.914
-2.01155 3.7821 1.923
-2.04957 3.77442 1.923
-2.08679 3.76764 1.933
-2.12258 3.76075 1.933
-2.15851 3.75315 1.941
-2.19139 3.74723 1.941
-2.22103 3.73936 1.954
-2.24713 3.73455 1.96
-2.27121 3.72905 1.96
-2.29842 3.72598 1.96
-2.32618 3.72405 1.96
-2.35327 3.72416 1.975
-2.37922 3.72579 1.975
-2.40081 3.72769 1.975
-2.42714 3.73252 1.975
-2.45208 3.736 1.979
-2.47804 3.74045 1.979
-2.5111 3.74694 1.987
-2.54376 3.75555 1.987
-2.57541 3.76342 1.993
-2.60958 3.76988 1.993
-2.64352 3.77517 1.993
-2.67649 3.78173 1.993
-2.70879 3.78714 2
-2.73985 3.78993 2
-2.77217 3.79205 2.009
-2.80374 3.79566 2.009
-2.83584 3.80268 2.009
-2.86889 3.81111 2.009
-2.89858 3.82032 2.013
-2.92471 3.82892 2.013
-2.9488 3.83628 2.012
-2.97074 3.84196 2.012
-2.99142 3.8463 2.014
-3.01367 3.85019 2.014
-3.03587 3.85505 2.014
-3.05561 3.86073 2.014
-3.07669 3.86472 2.014
-3.09952 3.867 2.014
-3.12258 3.86855 2.014
-3.14282 3.87244 2.014
-3.16347 3.87637 2.014
-3.19362 3.88109 2.014
-3.22205 3.88926 2.014
-3.24681 3.90192 2.014
-3.27126 3.91338 2.014
-3.29562 3.92086 2.014
-3.31852 3.92444 2.013
-3.34253 3.92273 2.01
-3.36428 3.91982 2.01
-3.38179 3.92057 2.008
-3.3977 3.92303 2.008
-3.41299 3.9235 2.008
-3.42842 3.9228 2.008
-3.44394 3.92392 2.008
-3.45853 3.92381 1.998
-3.47406 3.92438 1.998
-3.49092 3.92501 1.998
-3.50916 3.92506 1.998
-3.52773 3.92753 1.998
-3.5491 3.92991 1.998
-3.57526 3.93338 2.005
-3.60598 3.93503 2.005
-3.63772 3.93595 1.99
-3.66853 3.93773 1.99
-3.69923 3.94114 1.99
-3.72806 3.94725 1.99
-3.75726 3.95133 1.985
-3.78403 3.9553 1.973
-3.8128 3.95673 1.973
-3.84002 3.95433 1.96
-3.86072 3.94938 1.96
-3.88286 3.93477 1.96
-3.9047 3.92368 1.96
-3.9266 3.91443 1.953
-3.95009 3.90812 1.953
-3.97092 3.90155 1.947
-3.99266 3.89444 1.947
-4.01286 3.88152 1.939
-4.03565 3.8697 1.939
-4.05568 3.8571 1.927
-4.07628 3.84127 1.927
-4.09553 3.827 1.915
-4.11428 3.8114 1.915
-4.12924 3.79539 1.915
-4.14444 3.77867 1.898
-4.15575 3.75545 1.898
-4.16389 3.73356 1.898
-4.16839 3.70984 1.884
-4.1714 3.68333 1.884
-4.17685 3.65513 1.871
-4.18518 3.62787 1.871
-4.19593 3.59798 1.869
-4.20846 3.56657 1.869
-4.21952 3.53677 1.847
-4.23046 3.50531 1.847
-4.23684 3.47417 1.832
-4.23812 3.42455 1.832
-4.23923 3.37856 1.824
-4.24186 3.33799 1.824
-4.24702 3.29828 1.801
-4.25425 3.25855 1.801
-4.2624 3.22094 1.795
-4.2716 3.1812 1.795
-4.27908 3.14181 1.795
-4.28401 3.10574 1.795
-4.28504 3.06742 1.795
-4.28553 3.03242 1.795
-4.28544 3.00002 1.789
-4.28503 2.96394 1.789
-4.28414 2.92789 1.752
-4.28328 2.89472 1.752
-4.28769 2.88799 1.744
-4.29007 2.88211 1.744
-4.2914 2.87461 1.739
-4.29293 2.86599 1.739
-4.29326 2.85802 1.726
-4.29508 2.85045 1.719
-4.29655 2.84246 1.719
-4.29994 2.83593 1.711
-4.29833 2.83971 1.711
-4.29698 2.84326 1.711
-4.29588 2.84879 1.711
-4.2915 2.85095 1.709
-4.2895 2.85323 1.709
-4.28953 2.85447 1.7
-4.29266 2.85425 1.7
-4.29448 2.85349 1.7
-4.29529 2.85239 1.7
-4.29584 2.84796 1.694
-4.29418 2.83962 1.694
-4.29243 2.83257 1.692
-4.29088 2.82503 1.692
-4.28776 2.81844 1.691
-4.28367 2.815 1.691
-4.27762 2.81013 1.691
-4.27259 2.80276 1.691
-4.26781 2.79569 1.682
-4.26328 2.78724 1.682
-4.25918 2.77766 1.682
-4.25412 2.76821 1.682
-4.24576 2.76 1.682
-4.23743 2.75478 1.682
-4.22839 2.74941 1.68
-4.21964 2.74421 1.68
-4.21155 2.73723 1.675
-4.20496 2.73075 1.675
-4.19763 2.72468 1.67
-4.18973 2.71725 1.67
-4.18341 2.71084 1.67
-4.17803 2.70421 1.67
-4.17264 2.69603 1.67
-4.16293 2.68521 1.67
-4.15005 2.67549 1.67
-4.1355 2.66644 1.67
-4.12106 2.65956 1.677
-4.10612 2.65268 1.677
-4.09078 2.64768 1.677
-4.07565 2.6449 1.677
-4.06163 2.64272 1.677
-4.04646 2.64451 1.679
-4.02984 2.64961 1.679
-4.01395 2.65343 1.679
-3.99837 2.65824 1.679
-3.98891 2.66258 1.679
-3.98092 2.66462 1.679
-3.96647 2.66788 1.679
-3.95036 2.66924 1.69
-3.93438 2.6721 1.69
-3.94247 2.67262 1.69
-3.95103 2.6751 1.69
-3.97568 2.68124 1.69
-3.99853 2.68743 1.699
-4.01992 2.69851 1.699
-4.0404 2.70639 1.699
-4.05517 2.71194 1.699
-4.07029 2.71783 1.699
-4.08346 2.72474 1.699
-4.09645 2.73335 1.704
-4.10951 2.73971 1.704
-4.11988 2.74556 1.704
-4.12822 2.75011 1.704
-4.1329 2.75302 1.71
-4.13335 2.75598 1.71
-4.13402 2.76003 1.717
-4.13403 2.76397 1.717
-4.13314 2.76757 1.717
-4.13132 2.77366 1.717
-4.12929 2.78071 1.717
-4.12193 2.78804 1.717
-4.11627 2.79197 1.713
-4.11162 2.79584 1.713
-4.10484 2.80105 1.713
-4.09684 2.80493 1.713
-4.09007 2.80669 1.724
-4.08316 2.81232 1.724
-4.07976 2.81832 1.725
-4.07721 2.82584 1.725
-4.07453 2.83171 1.725
-4.07419 2.8347 1.726
-4.07492 2.8485 1.726
-4.07092 2.85336 1.726
-4.0682 2.85866 1.737
-4.06683 2.86507 1.737
-4.05665 2.8689 1.737
-4.04637 2.8718 1.737
-4.0367 2.87357 1.725
-4.02445 2.87388 1.725
-4.01264 2.87187 1.723
-4.00004 2.87011 1.723
-3.98312 2.869 1.72
-3.96697 2.86944 1.72
-3.94262 2.86955 1.716
-3.91942 2.86792 1.716
-3.89736 2.86725 1.709
-3.87712 2.86632 1.709
-3.85855 2.86519 1.706
-3.84059 2.86575 1.706
-3.82311 2.86737 1.704
-3.80762 2.86928 1.7
-3.79529 2.87593 1.7
-3.78072 2.87824 1.7
-3.76757 2.87994 1.7
-3.75603 2.88108 1.7
-3.74207 2.88224 1.709
-3.72673 2.88463 1.709
-3.71039 2.88614 1.709
-3.69105 2.8873 1.709
-3.67356 2.88328 1.709
-3.65856 2.88168 1.709
-3.63954 2.877 1.709
-3.62119 2.87214 1.702
-3.60132 2.86685 1.702
-3.57993 2.86229 1.693
-3.55618 2.85778 1.693
-3.52917 2.85198 1.693
-3.50327 2.84591 1.693
-3.48009 2.83899 1.693
-3.45764 2.83355 1.693
-3.43477 2.83346 1.686
-3.41129 2.82983 1.686
-3.38676 2.82428 1.681
-3.36387 2.82074 1.681
-3.34264 2.81719 1.681
-3.31969 2.81242 1.681
-3.29665 2.80678 1.677
-3.27269 2.80174 1.677
-3.24759 2.79849 1.677
-3.22386 2.79629 1.676
-3.20272 2.79387 1.676
-3.18131 2.79214 1.675
-3.16083 2.79467 1.673
-3.14155 2.79806 1.673
-3.11287 2.80059 1.675
-3.08393 2.80027 1.675
-3.05484 2.80057 1.675
-3.02841 2.80058 1.675
-3.0061 2.79803 1.676
-2.98405 2.79779 1.676
-2.9604 2.80185 1.676
-2.93443 2.80246 1.676
-2.91037 2.79773 1.683
-2.88808 2.79311 1.683
-2.86526 2.78794 1.683
-2.84049 2.78601 1.683
-2.8171 2.78063 1.683
-2.79003 2.77623 1.681
-2.76433 2.77385 1.681
-2.73852 2.77418 1.681
-2.71357 2.76917 1.676
-2.68741 2.76379 1.676
-2.66153 2.75845 1.676
-2.6364 2.75184 1.676
-2.6147 2.74601 1.676
-2.595 2.73979 1.68
-2.57506 2.7342 1.68
-2.55437 2.72892 1.68
-2.52838 2.73269 1.666
-2.50092 2.73766 1.666
-2.47346 2.74337 1.665
-2.44645 2.74742 1.665
-2.4214 2.74843 1.66
-2.39908 2.74684 1.66
-2.3799 2.74532 1.658
-2.36155 2.7467 1.658
-2.34392 2.74669 1.655
-2.32796 2.74803 1.65
-2.3128 2.75147 1.65
-2.29722 2.75376 1.648
-2.28181 2.7579 1.648
-2.2657 2.76125 1.64
-2.25073 2.76427 1.64
-2.23664 2.76914 1.639
-2.22114 2.77766 1.636
-2.20535 2.78368 1.636
-2.19022 2.78947 1.636
-2.17656 2.79819 1.636
-2.16488 2.80658 1.636
-2.15193 2.81606 1.636
-2.13907 2.82521 1.643
-2.12637 2.83184 1.643
-2.11592 2.8457 1.647
-2.10407 2.86145 1.647
-2.09329 2.87491 1.647
-2.08425 2.88936 1.647
-2.07763 2.90235 1.651
-2.06992 2.9152 1.651
-2.06621 2.9282 1.656
-2.06168 2.94074 1.656
-2.05671 2.95458 1.658
-2.0496 2.96738 1.658
-2.04507 2.98073 1.663
-2.04144 2.99724 1.663
-2.03858 3.01062 1.678
-2.03735 3.02392 1.678
-2.03729 3.03965 1.678
-2.03908 3.05552 1.701
-2.04012 3.0715 1.701
-2.04222 3.08533 1.743
-2.04161 3.09646 1.743
-2.04196 3.11282 1.704
-2.04044 3.12753 1.704
-2.03884 3.14018 1.705
-2.03658 3.15826 1.705
-2.03557 3.17905 1.705
-2.03644 3.20191 1.705
-2.03376 3.226 1.705
-2.03093 3.24961 1.709
-2.02729 3.27227 1.709
-2.02312 3.2968 1.713
-2.02406 3.32236 1.728
-2.02125 3.34865 1.728
-2.02125 3.37335 1.728
-2.0209 3.39899 1.728
-2.02208 3.42631 1.729
-2.02229 3.45541 1.729
-2.02308 3.48111 1.742
-2.02462 3.50847 1.742
-2.02315 3.53382 1.748
-2.02245 3.5742 1.748
-2.02205 3.60757 1.749
-2.02416 3.63609 1.749
-2.02888 3.66262 1.749
-2.03509 3.69013 1.749
-2.04271 3.71802 1.75
-2.04824 3.75052 1.75
-2.05696 3.78457 1.762
-2.06734 3.81853 1.762
-2.07842 3.85395 1.767
-2.09089 3.88805 1.767
-2.10388 3.92171 1.767
-2.11762 3.95246 1.767
-2.1316 3.98357 1.774
-2.14543 4.01642 1.774
-2.15718 4.04827 1.792
-2.16321 4.07482 1.792
-2.16638 4.10087 1.792
-2.17048 4.12693 1.792
-2.17633 4.15815 1.795
-2.1817 4.18781 1.795
-2.18822 4.21356 1.818
-2.19509 4.24115 1.818
-2.20259 4.2695 1.822
-2.20651 4.2989 1.822
-2.20556 4.32965 1.825
-2.2039 4.35927 1.825
-2.20409 4.38926 1.836
-2.20692 4.41814 1.844
-2.21042 4.44351 1.844
-2.21446 4.46598 1.855
-2.21834 4.48448 1.855
-2.22116 4.5014 1.866
-2.2261 4.51675 1.866
-2.23407 4.52987 1.881
-2.24311 4.5419 1.881
-2.25426 4.5522 1.888
-2.26788 4.56303 1.888
-2.27998 4.57289 1.895
-2.29055 4.58113 1.895
-2.29826 4.58793 1.895
-2.30402 4.59183 1.895
-2.31011 4.59255 1.904
-2.31667 4.59323 1.904
-2.32582 4.59315 1.904
-2.33377 4.59328 1.92
-2.33791 4.59292 1.92
-2.34281 4.58878 1.92
-2.34721 4.58241 1.92
-2.35528 4.57593 1.92
-2.36723 4.57112 1.92
-2.38152 4.57084 1.92
-2.40148 4.5656 1.935
-2.42035 4.56113 1.935
-2.43687 4.5558 1.94
-2.45595 4.5483 1.94
-2.47449 4.54097 1.942
-2.49322 4.53509 1.942
-2.51731 4.52424 1.942
-2.54191 4.51134 1.942
-2.56872 4.49998 1.95
-2.59265 4.49033 1.95
-2.61451 4.4837 1.951
-2.64092 4.47411 1.951
-2.66547 4.46477 1.951
-2.69047 4.45465 1.95
-2.71906 4.44317 1.95
-2.74822 4.42929 1.95
-2.77752 4.41697 1.949
-2.80251 4.40874 1.949
-2.82723 4.39421 1.95
-2.85329 4.38012 1.95
-2.8796 4.37055 1.949
-2.90904 4.35968 1.949
-2.94241 4.35044 1.949
-2.97422 4.3443 1.949
-3.00454 4.34055 1.949
-3.03819 4.33699 1.9
-3.0673 4.3334 1.9
-3.09222 4.32872 1.9
-3.11021 4.31572 1.9
-3.12829 4.30294 1.9
-3.14907 4.29558 1.9
-3.17302 4.28912 1.9
-3.19401 4.28203 1.9
-3.2119 4.27383 1.894
-3.22681 4.26068 1.894
-3.23883 4.2498 1.899
-3.25104 4.23662 1.899
-3.26212 4.22155 1.899
-3.27332 4.20489 1.899
-3.28898 4.19202 1.943
-3.30614 4.18098 1.943
-3.32409 4.16986 1.943
-3.35906 4.16779 1.943
-3.39183 4.16416 1.929
-3.42316 4.16217 1.929
-3.4567 4.15714 1.922
-3.4879 4.15258 1.922
-3.51748 4.14601 1.905
-3.54734 4.14877 1.905
-3.5742 4.15222 1.894
-3.59782 4.15517 1.894
-3.62885 4.15989 1.882
-3.66244 4.16535 1.882
-3.69652 4.17202 1.868
-3.73221 4.18173 1.868
-3.7678 4.1911 1.861
-3.80363 4.1968 1.861
-3.8374 4.20377 1.846
-3.87165 4.21724 1.846
-3.90626 4.23148 1.835
-3.94043 4.24489 1.835
-3.97355 4.25863 1.832
-4.0087 4.27087 1.832
-4.04559 4.28252 1.832
-4.08493 4.29247 1.832
-4.123 4.30094 1.821
-4.16108 4.31057 1.821
-4.19804 4.32162 1.807
-4.23246 4.33041 1.798
-4.26427 4.34109 1.798
-4.29558 4.35197 1.798
-4.32554 4.35942 1.791
-4.35526 4.36444 1.791
-4.38285 4.36869 1.791
-4.41284 4.37045 1.791
-4.44097 4.37111 1.785
-4.47076 4.37137 1.784
-4.49781 4.37158 1.784
-4.52185 4.37137 1.784
-4.5485 4.36985 1.784
-4.57729 4.36209 1.784
-4.60816 4.35683 1.784
-4.63715 4.35293 1.784
-4.66789 4.34685 1.776
-4.69601 4.33941 1.776
-4.72028 4.32372 1.776
-4.74077 4.30806 1.778
-4.75894 4.29294 1.778
-4.77721 4.27299 1.778
-4.79468 4.25724 1.778
-4.8091 4.24365 1.778
-4.82463 4.22435 1.778
-4.83967 4.20502 1.771
-4.85887 4.184 1.771
-4.87867 4.15748 1.765
-4.89668 4.13661 1.765
-4.9128 4.12035 1.762
-4.92783 4.09918 1.762
-4.94058 4.07844 1.76
-4.94651 4.03271 1.76
-4.95234 3.98756 1.752
-4.95962 3.94436 1.752
-4.96877 3.90193 1.755
-4.97997 3.86247 1.755
-4.98905 3.82286 1.755
-4.99631 3.78044 1.755
-5.00008 3.7396 1.747
-5.00385 3.70108 1.747
-5.00708 3.66182 1.728
-5.00918 3.62471 1.728
-5.00897 3.59017 1.728
-5.01554 3.53238 1.728
-5.0216 3.47739 1.728
-5.02748 3.42245 1.728
-5.03245 3.36967 1.728
-5.03373 3.31962 1.728
-5.03445 3.27404 1.728
-5.03415 3.22931 1.727
-5.03437 3.18399 1.727
-5.03539 3.13625 1.705
-5.03799 3.0938 1.705
-5.03892 3.05337 1.704
-5.03866 3.00888 1.704
-5.03721 2.96286 1.704
-5.03856 2.92003 1.704
-5.0341 2.88665 1.704
-5.0307 2.85571 1.69
-5.02685 2.82333 1.69
-5.022 2.78777 1.69
-5.01824 2.75355 1.69
-5.01338 2.71806 1.69
-5.00915 2.68027 1.688
-5.00508 2.6441 1.688
-4.99712 2.61356 1.679
-4.98678 2.58862 1.679
-4.97547 2.56592 1.677
-4.96504 2.54076 1.677
-4.95582 2.51475 1.668
-4.94672 2.49061 1.668
-4.93663 2.4722 1.665
-4.92558 2.4565 1.665
-4.91444 2.44103 1.665
-4.90319 2.42692 1.665
-4.89207 2.41159 1.665
-4.87629 2.39626 1.665
-4.86016 2.38611 1.682
-4.84348 2.37727 1.682
-4.82501 2.36792 1.682
-4.80656 2.35737 1.682
-4.78839 2.34564 1.683
-4.79333 2.3343 1.683
-4.79838 2.32097 1.683
-4.80269 2.30663 1.683
-4.78468 2.29206 1.685
-4.7697 2.27839 1.685
-4.75768 2.26622 1.695
-4.74689 2.25678 1.695
-4.7371 2.24725 1.698
-4.72654 2.23568 1.698
-4.71568 2.22072 1.708
-4.70449 2.20574 1.708
-4.68967 2.19638 1.708
-4.67461 2.18968 1.708
-4.66296 2.18361 1.708
-4.65388 2.1778 1.708
-4.64547 2.17087 1.714
-4.63466 2.16138 1.714
-4.62284 2.15237 1.707
-4.61283 2.14251 1.707
-4.60435 2.13433 1.702
-4.59679 2.12598 1.702
-4.58912 2.11997 1.7
-4.57492 2.11701 1.673
-4.55945 2.1113 1.673
-4.54807 2.10203 1.646
-4.54787 2.10301 1.646
-4.53168 2.10204 1.633
-4.51633 2.09883 1.633
-4.50312 2.09379 1.574
-4.49154 2.08673 1.574
-4.48426 2.0773 1.574
-4.47765 2.06791 1.541
-4.47095 2.06007 1.488
-4.46257 2.05284 1.488
-4.45247 2.04665 1.488
-4.44139 2.04015 1.441
-4.43163 2.03262 1.441
-4.42536 2.02408 1.4
-4.42151 2.01416 1.339
-4.42153 2.00747 1.339
-4.42292 2.00154 1.287
-4.42532 1.99738 1.287
-4.42897 1.99345 1.218
-4.43196 1.99073 1.218
-4.43351 1.99089 1.177
-4.43327 1.99108 1.177
-4.43215 1.99061 1.12
-4.43026 1.99141 1.12
-4.42644 1.99671 1.058
-4.4205 2.00472 0.995
-4.4144 2.01147 0.995
-4.40747 2.01721 0.995
-4.4009 2.01995 0.938
-4.39701 2.01987 0.938
-4.39297 2.02805 0.875
-4.38983 2.03655 0.875
-4.38679 2.04909 0.795
-4.38376 2.06032 0.795
-4.38123 2.07294 0.738
-4.38047 2.08319 0.738
-4.38178 2.08747 0.676
-4.38393 2.08795 0.676
-4.38862 2.08365 0.598
-4.39316 2.07934 0.598
-4.39467 2.07641 0.54
-4.39501 2.07887 0.54
-4.39693 2.08729 0.478
-4.40115 2.10306 0.478
-4.40378 2.11202 0.412
-4.4047 2.11499 0.367
-4.40508 2.11654 0.367
-4.40533 2.11651 0.367
-4.40558 2.11571 0.306
-4.40624 2.11545 0.3
-4.40683 2.11485 0.3
-4.4075 2.11412 0.3
-4.40811 2.11323 0.3
-4.40876 2.11233 0.3
-4.40932 2.11136 0.3
-4.41048 2.11118 0.3
-4.4116 2.11103 0.3
-4.41258 2.11091 0.3
-4.41342 2.1108 0.3
-4.41519 2.11113 0.3
-4.41832 2.11245 0.3
-4.42127 2.11379 0.3
-4.42449 2.11573 0.3
-4.42797 2.11832 0.3
-4.43158 2.12134 0.3
-4.43494 2.12412 0.3
-4.43825 2.12699 0.3
-4.4413 2.1296 0.3
-4.44434 2.13233 0.3
-4.44739 2.13594 0.3
-4.44967 2.1386 0.3
-4.45166 2.14079 0.3
-4.45346 2.14256 0.3
-4.45517 2.14407 0.3
-4.45678 2.14539 0.3
-4.45887 2.14734 0.3
-4.46085 2.14918 0.3
-4.46277 2.15086 0.3
-4.46461 2.15245 0.3
-4.46621 2.15391 0.3
-4.46798 2.15615 0.3
-4.46956 2.15825 0.3
-4.4711 2.16035 0.3
-4.47256 2.16233 0.3
-4.47397 2.16425 0.3
-4.47572 2.16675 0.3
-4.47735 2.16911 0.3
-4.47896 2.17145 0.3
-4.48043 2.17362 0.3
-4.48223 2.17643 0.3
-4.48415 2.17938 0.3
-4.48615 2.18231 0.3
-4.48777 2.18496 0.3
-4.48928 2.18753 0.3
-4.49135 2.19083 0.3
-4.49331 2.19399 0.3
-4.49509 2.19698 0.3
-4.4968 2.19986 0.3
-4.49847 2.20265 0.3
-4.50072 2.2061 0.3
-4.50284 2.20932 0.3
-4.50486 2.21239 0.3
-4.50679 2.2153 0.3
-4.50907 2.21881 0.3
-4.51142 2.2223 0.3
-4.5137 2.22564 0.3
-4.51581 2.22878 0.3
-4.51779 2.23175 0.3
-4.52032 2.23548 0.3
-4.52276 2.23906 0.3
-4.52515 2.24253 0.3
-4.52737 2.2458 0.3
-4.52951 2.24894 0.3
-4.53207 2.25273 0.3
-4.53454 2.25637 0.3
-4.53696 2.2599 0.3
-4.53923 2.26324 0.3
-4.54139 2.26644 0.3
-4.54402 2.27036 0.3
-4.54645 2.27406 0.3
-4.54884 2.27767 0.3
-4.55099 2.28105 0.3
-4.55321 2.28439 0.3
-4.55515 2.28748 0.3
-4.55764 2.2913 0.3
-4.56013 2.29502 0.3
-4.56249 2.29855 0.3
-4.56479 2.30195 0.3
-4.56751 2.30596 0.3
-4.57018 2.30983 0.3
-4.57268 2.31351 0.3
-4.57507 2.31703 0.3
-4.57736 2.3204 0.3
-4.58008 2.32443 0.3
-4.58269 2.32829 0.3
-4.58519 2.33198 0.3
-4.58757 2.33552 0.3
-4.58993 2.33895 0.3
-4.59265 2.34299 0.3
-4.59532 2.34692 0.3
-4.59783 2.35066 0.3
-4.60022 2.35423 0.3
-4.60225 2.35754 0.3
