0.0465725 -0.00949681 0.917
0.0882149 -0.0121057 1.156
0.173626 -0.0304586 1.414
0.209644 -0.00943113 1.414
0.253077 0.0114217 1.656
0.282912 0.0172056 1.678
0.298674 0.0301762 1.704
0.259432 0.00841992 1.753
0.271612 0.0137518 1.757
0.264414 0.044853 1.808
0.219861 0.0324891 1.849
0.221193 0.0225505 1.871
0.216835 0.0278903 1.886
0.225959 0.0179972 1.905
0.193505 0.00624085 1.955
0.203118 0.035446 1.981
0.196878 0.0360896 2.024
0.215635 0.0543842 2.056
0.218465 0.0501827 2.079
0.234974 0.030318 2.101
0.250732 0.0246634 2.121
0.248542 -0.052839 2.112
0.252656 -0.0547643 2.052
0.230016 -0.0329855 2.05
0.208122 0.00341498 2.07
0.178687 0.0248289 2.08
0.193824 0.0386862 2.117
0.193859 0.042361 2.117
0.19337 0.0431361 2.117
0.269243 0.0981914 2.16
0.346193 0.138907 2.201
0.393461 0.1637 2.245
0.40919 0.137966 2.252
0.4417 0.114798 2.266
0.528994 0.10619 2.341
0.558342 0.105532 2.341
0.610557 0.128519 2.368
0.664262 0.142205 2.388
0.749576 0.091394 2.282
0.774221 0.0850017 2.236
0.809152 0.0614066 2.107
0.8289 0.0886501 2.019
0.86341 0.0780472 1.965
0.908914 0.0974338 1.876
1.03868 0.137249 1.743
1.11097 0.149423 1.6
1.16323 0.158122 1.547
1.22493 0.154449 1.525
1.31471 0.13447 1.485
1.33598 0.149984 1.461
1.3368 0.173001 1.457
1.36751 0.169064 1.459
1.3772 0.128012 1.485
1.3954 0.135029 1.489
1.39229 0.150639 1.501
1.39725 0.163544 1.521
1.39158 0.179315 1.528
1.38865 0.197144 1.549
1.38963 0.194288 1.563
1.3766 0.19068 1.582
1.36704 0.209111 1.597
1.35965 0.191956 1.611
1.35792 0.202451 1.642
1.33827 0.207566 1.65
1.32622 0.205081 1.665
1.3295 0.149684 1.688
1.29995 0.178967 1.716
1.3004 0.202644 1.716
1.2605 0.241655 1.73
1.2029 0.308508 1.752
1.18053 0.356479 1.764
1.17745 0.386723 1.765
1.18325 0.441773 1.779
1.19257 0.477985 1.798
1.17768 0.528447 1.812
1.1823 0.590651 1.817
1.18245 0.63783 1.822
1.19507 0.695212 1.837
1.22446 0.720903 1.837
1.23476 0.727997 1.843
1.26485 0.700109 1.857
1.28078 0.675338 1.863
1.30017 0.681377 1.863
1.31077 0.728694 1.886
1.31618 0.857522 1.887
1.3093 0.918817 1.888
1.30028 0.966889 1.888
1.31883 1.00459 1.885
1.31765 1.04048 1.885
1.33006 1.08013 1.882
1.3633 1.11426 1.878
1.36712 1.15333 1.879
1.37393 1.16278 1.892
1.37347 1.19373 1.892
1.39755 1.18021 1.867
1.42173 1.2166 1.87
1.38685 1.25414 1.882
1.36384 1.25256 1.897
1.34499 1.26422 1.909
1.33761 1.2446 1.909
1.33104 1.22123 1.912
1.26094 1.24944 1.934
1.19223 1.27235 1.955
1.15282 1.28767 1.977
1.11841 1.3102 1.982
1.04417 1.34729 2.017
1.01202 1.34372 2.029
0.925066 1.34769 2.092
0.801451 1.33658 2.103
0.771496 1.35143 2.106
0.736123 1.37868 2.122
0.683118 1.40394 2.123
0.661731 1.41087 2.165
0.634337 1.41837 2.187
0.602992 1.42832 2.187
0.590568 1.40621 2.22
0.565066 1.38392 2.227
0.522092 1.35322 2.241
0.350921 1.29969 2.249
0.263837 1.27543 2.243
0.15061 1.21445 2.223
0.0546495 1.25056 2.213
-0.0696894 1.23823 2.192
-0.095796 1.24023 2.179
-0.106008 1.25619 2.168
-0.133782 1.26831 2.166
-0.150034 1.28634 2.156
-0.202723 1.29507 2.156
-0.250353 1.27648 2.135
-0.312159 1.2606 2.123
-0.399495 1.24266 2.106
-0.494425 1.13919 2.09
-0.546833 1.04428 2.08
-0.590493 1.02459 2.064
-0.526189 1.03263 2.042
-0.483594 0.987633 2.042
-0.477363 0.981232 2.042
-0.434899 0.952009 2.043
-0.345854 0.908171 2.053
-0.324265 0.886099 2.057
-0.29747 0.865816 2.061
-0.261821 0.875313 2.066
-0.224559 0.838614 2.074
-0.210625 0.818097 2.082
-0.221166 0.762446 2.083
-0.202447 0.732398 2.085
-0.201654 0.69255 2.098
-0.219125 0.624742 2.103
-0.217817 0.598771 2.108
-0.258207 0.557798 2.108
-0.242596 0.494162 2.11
-0.226707 0.463173 2.11
-0.204229 0.413943 2.122
-0.164697 0.382799 2.114
-0.09367 0.363195 2.123
-0.0683776 0.339393 2.123
-0.0275094 0.329966 2.125
0.0019209 0.277949 2.151
0.0192632 0.28351 2.161
0.0344898 0.235649 2.188
0.0363471 0.252109 2.202
0.0447308 0.274182 2.212
0.0766086 0.258247 2.231
0.120548 0.280003 2.23
0.159939 0.271708 2.23
0.206028 0.254284 2.231
0.253677 0.23668 2.231
0.284562 0.241344 2.235
0.330881 0.229727 2.231
0.3778 0.248696 2.218
0.514726 0.217801 2.214
0.57178 0.241661 2.214
0.635978 0.261962 2.217
0.69315 0.257585 2.21
0.740295 0.260592 2.208
0.798466 0.279107 2.207
0.87388 0.277864 2.198
0.927178 0.258373 2.195
0.970174 0.259244 2.175
1.02509 0.223265 2.167
1.06773 0.19042 2.157
1.11054 0.157355 2.133
1.18822 0.150025 2.125
1.25225 0.144641 2.109
1.36483 0.141875 2.093
1.42621 0.134267 2.089
1.50916 0.16004 2.084
