0.111032 -0.0417257 0.271512
0.11103 -0.0417304 0.2715
0.111031 -0.0417281 0.271502
0.111034 -0.0417233 0.271512
0.111034 -0.0417233 0.271512
0.111029 -0.0417251 0.271506
0.111029 -0.0417251 0.271506
0.111031 -0.0417324 0.271497
0.111035 -0.0417285 0.27151
0.111035 -0.0417285 0.27151
0.111031 -0.0417223 0.271506
0.111031 -0.0417223 0.271506
0.111036 -0.041731 0.271504
0.111033 -0.0417302 0.271502
0.111033 -0.0417302 0.271502
0.111031 -0.0417247 0.271503
0.111031 -0.0417247 0.271503
0.111036 -0.041726 0.271512
0.111032 -0.0417238 0.271497
0.111032 -0.0417238 0.271497
0.111032 -0.0417271 0.271509
0.111032 -0.0417271 0.271509
0.111038 -0.0417265 0.271506
0.111033 -0.0417299 0.271503
0.111033 -0.0417299 0.271503
0.111032 -0.0417283 0.271495
0.111032 -0.0417283 0.271495
0.111037 -0.0417257 0.271507
0.111035 -0.0417276 0.271509
0.111035 -0.0417276 0.271509
0.111031 -0.0417261 0.271504
0.111031 -0.0417261 0.271504
0.111033 -0.0417303 0.271502
0.111047 -0.0417249 0.271506
0.111047 -0.0417249 0.271506
0.111035 -0.0417249 0.27151
0.111035 -0.0417249 0.27151
0.111036 -0.0417235 0.271509
0.111033 -0.0417256 0.271503
0.111033 -0.0417256 0.271503
0.111032 -0.0417268 0.271508
0.111032 -0.0417268 0.271508
0.111035 -0.0417269 0.271504
0.111032 -0.0417259 0.271499
0.111032 -0.0417259 0.271499
0.111032 -0.0417214 0.271498
0.111032 -0.0417214 0.271498
0.111033 -0.0417265 0.271499
0.111032 -0.0417302 0.271502
0.111032 -0.0417302 0.271502
0.111032 -0.041732 0.2715
0.111032 -0.041732 0.2715
0.111032 -0.0417229 0.271507
0.111031 -0.041726 0.271507
0.111031 -0.041726 0.271507
0.111032 -0.0417289 0.271495
0.111027 -0.0417271 0.271507
0.111032 -0.0417291 0.271501
0.111028 -0.0417302 0.271508
0.111032 -0.0417295 0.271503
0.111029 -0.0417271 0.271501
0.111028 -0.0417278 0.271493
0.11103 -0.0417305 0.271501
0.11103 -0.0417242 0.2715
0.11103 -0.0417314 0.271497
0.11103 -0.041734 0.271503
0.111029 -0.0417325 0.271498
0.111031 -0.0417273 0.27149
0.111027 -0.0417289 0.2715
0.111008 -0.0417291 0.2715
0.111044 -0.0417095 0.271519
0.111052 -0.041692 0.271525
0.111062 -0.0417017 0.271529
0.111058 -0.0416919 0.271533
0.111056 -0.0416999 0.271527
0.111057 -0.0416803 0.271528
0.111062 -0.0416842 0.271531
0.111066 -0.0416989 0.271519
0.111069 -0.0416885 0.271527
0.111061 -0.0416955 0.271524
0.111067 -0.0416931 0.271518
0.111153 -0.0415916 0.271577
0.11117 -0.04158 0.271594
0.111184 -0.0415699 0.271585
0.11119 -0.0415569 0.271599
0.111186 -0.0415818 0.271582
0.111184 -0.0415579 0.271581
0.11118 -0.0415597 0.271592
0.11121 -0.0415404 0.271603
0.111199 -0.0415567 0.271593
0.111183 -0.0415833 0.271587
0.111173 -0.0415803 0.271581
0.111202 -0.0415433 0.271587
0.111194 -0.0415444 0.27159
0.111206 -0.0415529 0.271596
0.111195 -0.0415445 0.271594
0.111191 -0.041544 0.271604
0.111199 -0.0415558 0.271589
0.111191 -0.04157 0.271581
0.111183 -0.041559 0.27158
0.111222 -0.0415254 0.271602
0.11121 -0.0415268 0.271582
0.111223 -0.041536 0.271585
0.111211 -0.0415451 0.271588
0.111218 -0.0415465 0.271593
0.11119 -0.0415468 0.271589
0.111211 -0.0415415 0.271599
0.111195 -0.0415538 0.271598
0.111192 -0.0415385 0.271583
0.111197 -0.0415433 0.271595
0.111214 -0.0415396 0.271583
0.111198 -0.0415339 0.271589
0.111208 -0.0415248 0.271587
0.111233 -0.0415147 0.271615
0.111233 -0.0415288 0.271612
0.111242 -0.0414981 0.271637
0.111373 -0.0413152 0.271712
0.111399 -0.0412854 0.271771
0.111547 -0.041156 0.271882
0.111683 -0.0410438 0.272001
0.11195 -0.0409074 0.272335
0.113152 -0.0407101 0.275813
0.123972 -0.0404304 0.31344
0.158822 -0.0388773 0.426124
0.215338 -0.0376063 0.580426
0.289559 -0.0376342 0.75579
0.365637 -0.0387725 0.923663
0.534658 -0.0444461 1.30466
0.614283 -0.0478133 1.46054
0.673822 -0.0499398 1.53262
0.733425 -0.051937 1.57782
0.804753 -0.0544214 1.61653
0.846936 -0.0560001 1.63775
0.87679 -0.0571332 1.65535
0.896533 -0.0578718 1.67313
0.906777 -0.0581206 1.69144
0.903311 -0.0576838 1.72987
0.89836 -0.0574462 1.75169
0.896525 -0.0573981 1.77244
0.900097 -0.0576952 1.79498
0.907977 -0.0586465 1.81566
0.928039 -0.0630036 1.8568
0.935649 -0.0662382 1.87615
0.952419 -0.0715286 1.92835
0.958067 -0.0721014 1.95335
0.963524 -0.0717512 1.98398
0.967479 -0.0728322 2.02319
0.965156 -0.0743746 2.02061
0.959466 -0.0757053 1.99606
0.94787 -0.0757449 1.96038
0.934835 -0.0726642 1.95037
0.920109 -0.0659975 1.95397
0.903994 -0.0521783 1.96845
0.892476 -0.0182451 2.00586
0.898861 -0.0031747 2.02559
0.912194 0.00820072 2.04486
0.934873 0.018657 2.06857
0.976668 0.0298651 2.10862
0.995935 0.0331671 2.12974
1.01169 0.034632 2.14938
1.02483 0.032699 2.16904
1.03787 0.0265847 2.18932
1.05372 0.0149569 2.2137
1.0715 0.000369031 2.2366
1.09191 -0.0141183 2.25975
1.10886 -0.0254881 2.27729
1.12671 -0.0366545 2.2919
1.18111 -0.0744994 2.21413
1.20594 -0.0954413 2.10378
1.23064 -0.117627 2.00293
1.25192 -0.136694 1.93451
1.31603 -0.179781 1.79411
1.35021 -0.191354 1.73628
1.39142 -0.194089 1.67494
1.44065 -0.191686 1.60693
1.4913 -0.185344 1.54222
1.54499 -0.179322 1.48625
1.59463 -0.175805 1.45062
1.64682 -0.173699 1.42386
1.69645 -0.17389 1.40473
1.74416 -0.17413 1.3894
1.78622 -0.17267 1.37847
1.83075 -0.166904 1.36933
1.85563 -0.160531 1.36485
1.88758 -0.147913 1.36161
1.90753 -0.137633 1.36411
1.91769 -0.131764 1.36761
1.94959 -0.110601 1.38776
1.95232 -0.108655 1.39003
1.95574 -0.10608 1.39285
1.95643 -0.105619 1.3934
1.9578 -0.104538 1.39455
1.96052 -0.102417 1.39684
1.96581 -0.0978693 1.40143
1.96647 -0.0972994 1.40201
1.97154 -0.0926013 1.40672
1.9759 -0.0883883 1.41089
1.98082 -0.0831659 1.4157
1.98816 -0.0736588 1.42388
1.9938 -0.0649454 1.4311
1.99425 -0.0641527 1.43174
1.99567 -0.0617296 1.43375
1.99614 -0.0609075 1.43444
1.99956 -0.0545415 1.43993
2.00417 -0.0445525 1.44863
2.00554 -0.0411291 1.45157
2.00683 -0.037606 1.45454
2.00795 -0.0341578 1.4576
2.00921 -0.0298199 1.46141
2.0106 -0.0238509 1.46674
2.01282 -0.000837411 1.48774
2.00786 0.0241921 1.51098
1.99485 0.0478131 1.53376
1.97755 0.0655799 1.55042
1.96541 0.0744468 1.56008
1.91081 0.0958566 1.6006
1.88413 0.108769 1.61684
1.85601 0.149438 1.63558
1.83346 0.23175 1.65436
1.8225 0.321568 1.66941
1.81996 0.421784 1.6906
1.82101 0.445823 1.69616
1.82171 0.457785 1.69895
1.82261 0.469679 1.70161
1.8236 0.481596 1.70434
1.82607 0.505047 1.70943
1.83457 0.562301 1.72082
1.85114 0.648036 1.73548
1.86819 0.725391 1.74906
1.88506 0.776827 1.75795
1.94329 0.805308 1.77715
2.02721 0.815664 1.80361
2.06519 0.873554 1.81511
2.10675 1.00193 1.82171
2.12884 1.10387 1.82012
2.15318 1.21202 1.81742
2.17401 1.29393 1.81268
2.19035 1.35891 1.80726
2.19853 1.40782 1.80876
2.198 1.43291 1.8198
2.19266 1.44311 1.83318
2.18042 1.44615 1.84285
2.15633 1.44782 1.84855
2.12548 1.45037 1.85472
2.08821 1.46067 1.86851
1.942 1.54254 1.92922
1.87149 1.58582 1.95091
1.73226 1.66289 1.98042
1.67185 1.68995 1.99484
1.59815 1.72005 2.0136
1.52812 1.74822 2.03269
1.46988 1.77178 2.05131
1.41986 1.79216 2.07044
1.38036 1.80697 2.08823
1.33771 1.81592 2.10852
1.30609 1.81601 2.12301
1.24595 1.79904 2.14639
1.19311 1.77941 2.16198
1.14248 1.76394 2.17111
1.07315 1.7478 2.17632
0.991833 1.73403 2.17581
0.887226 1.72178 2.17216
0.778309 1.71155 2.16733
0.678569 1.70494 2.16269
0.573406 1.70026 2.15762
0.48278 1.70012 2.15128
0.413194 1.70405 2.14461
0.352611 1.71098 2.13645
0.309991 1.71743 2.12882
0.271672 1.72418 2.11887
0.228007 1.73276 2.09964
0.199086 1.73856 2.08376
0.161201 1.74372 2.06902
0.100258 1.74858 2.05407
0.0188163 1.74906 2.04317
-0.0752039 1.74053 2.03451
-0.166723 1.72189 2.02587
-0.261479 1.68713 2.01661
-0.337575 1.6442 2.00811
-0.363335 1.62634 2.00528
-0.363335 1.62634 2.00528
-0.400995 1.59623 2.00073
-0.471703 1.50994 1.9916
-0.471703 1.50994 1.9916
-0.462929 1.38015 1.98112
-0.453307 1.36194 1.98026
-0.418961 1.30613 1.98045
-0.391494 1.26812 1.98191
-0.362428 1.23276 1.98409
-0.335753 1.20174 1.9868
-0.307987 1.17072 1.99049
-0.284371 1.14475 1.99458
-0.265892 1.12048 1.99864
-0.254633 1.10095 2.00205
-0.248036 1.07589 2.00629
-0.248607 1.04758 2.01239
-0.254764 1.01448 2.01947
-0.266017 0.973264 2.02544
-0.279702 0.934086 2.02757
-0.295567 0.891144 2.02927
-0.314214 0.838623 2.03212
-0.32818 0.789514 2.03523
-0.335817 0.744432 2.03812
-0.337462 0.685575 2.04216
-0.330817 0.628829 2.0452
-0.316239 0.576349 2.04726
-0.292167 0.522409 2.04866
-0.264587 0.476082 2.04948
-0.234659 0.432724 2.05237
-0.208159 0.397452 2.05816
-0.182091 0.362488 2.06642
-0.159722 0.333042 2.07506
-0.139727 0.307294 2.08457
-0.125438 0.288468 2.09322
-0.107926 0.266199 2.10532
-0.0929166 0.248133 2.11631
-0.0768817 0.23188 2.12827
-0.0619033 0.220209 2.13844
-0.0419204 0.208872 2.14821
0.00972571 0.190622 2.15947
0.0580988 0.180255 2.16089
0.114234 0.16953 2.15906
0.180231 0.159417 2.15574
0.245978 0.150662 2.15346
00.318316 0.143126 2.15166
0.381722 0.138385 2.15073
0.472112 0.136556 2.148
0.54847 0.137202 2.14444
0.628493 0.1397 2.13977
0.703744 0.143605 2.13551
0.780839 0.146696 2.13128
0.851364 0.146926 2.12693
0.918922 0.144135 2.12214
0.993684 0.132798 2.11596
1.05538 0.115124 2.11076
1.11633 0.091343 2.10258
1.16821 0.0662674 2.09223
1.20421 0.0459968 2.08441
1.26261 0.00892856 2.07229
1.31922 -0.0318088 2.06087
1.40661 -0.100361 2.04067
1.45976 -0.142555 2.0308
1.51202 -0.180067 2.02322
1.56332 -0.211999 2.01728
1.60644 -0.23362 2.01188
1.67322 -0.255407 2.00159
1.74458 -0.262565 1.99254
1.79239 -0.256923 1.99055
1.85769 -0.237128 1.9931
1.88899 -0.222 1.99557
1.92107 -0.202985 1.99851
1.94578 -0.184555 2.00124
1.9636 -0.164525 2.00328
1.98351 -0.119138 2.0064
1.99002 -0.0823796 2.00944
1.99389 -0.0446143 2.0133
1.99622 0.00305046 2.01794
1.99695 0.056849 2.02434
1.99574 0.111014 2.03166
1.99312 0.165881 2.04006
1.98846 0.218681 2.04884
1.98379 0.265077 2.05816
1.97626 0.314464 2.06925
1.96686 0.355509 2.07906
1.9556 0.387852 2.08591
1.9418 0.415728 2.09034
1.92001 0.450786 2.09327
1.89678 0.482905 2.09356
1.8703 0.523581 2.09236
1.8478 0.568392 2.09124
1.82871 0.628447 2.09103
1.81701 0.697233 2.0924
1.8121 0.779011 2.09427
1.81503 0.874461 2.09519
1.8254 0.975909 2.09498
1.84316 1.0828 2.0932
1.87182 1.20523 2.09006
1.90125 1.3038 2.08599
1.93502 1.39564 2.08066
