0WARNING: tranlsation vectors are empty!
-1.98836 -2.32094 0.733722
-1.98836 -2.32094 0.733722
-1.83998 -2.39977 0.703474
-1.83998 -2.39977 0.703474
-1.80771 -2.4047 0.725408
-1.80771 -2.4047 0.725408
-1.78079 -2.38269 0.784499
-1.78079 -2.38269 0.784499
-1.74772 -2.39192 0.795086
-1.74772 -2.39192 0.795086
-1.71529 -2.38993 0.81247
-1.71529 -2.38993 0.81247
-1.64691 -2.36212 0.883418
-1.64691 -2.36212 0.883418
-1.78124 -2.27327 0.907629
-1.57679 -2.316 0.960026
-1.57679 -2.316 0.960026
-1.56861 -2.31644 0.960778
-1.56861 -2.31644 0.960778
-1.65601 -2.22899 0.904074
-1.65601 -2.22899 0.904074
-1.28409 -2.18278 1.22076
-1.28409 -2.18278 1.22076
-1.28409 -2.18278 1.22076
-1.28409 -2.18278 1.22076
-1.28409 -2.18278 1.22076
-1.28409 -2.18278 1.22076
-1.28409 -2.18278 1.22076
-1.28409 -2.18278 1.22076
-1.07384 -2.03726 1.18807
-1.07384 -2.03726 1.18807
-1.07384 -2.03726 1.18807
-1.07384 -2.03726 1.18807
-1.07384 -2.03726 1.18807
-1.07384 -2.03726 1.18807
-1.07384 -2.03726 1.18807
-1.07384 -2.03726 1.18807
-0.378201 -1.40784 1.15578
-0.378201 -1.40784 1.15578
-0.378201 -1.40784 1.15578
-0.378201 -1.40784 1.15578
-0.378201 -1.40784 1.15578
-0.378201 -1.40784 1.15578
-0.378201 -1.40784 1.15578
-0.378201 -1.40784 1.15578
-0.465933 -1.04707 1.02964
-0.465933 -1.04707 1.02964
-0.465933 -1.04707 1.02964
-0.465933 -1.04707 1.02964
-0.465933 -1.04707 1.02964
-0.465933 -1.04707 1.02964
-0.465933 -1.04707 1.02964
-0.465933 -1.04707 1.02964
-0.467242 -1.05174 0.97885
-0.467242 -1.05174 0.97885
-0.467242 -1.05174 0.97885
-0.467242 -1.05174 0.97885
-0.467242 -1.05174 0.97885
-0.430575 -1.06811 0.960645
-0.430575 -1.06811 0.960645
-0.430575 -1.06811 0.960645
-0.430575 -1.06811 0.960645
-0.430575 -1.06811 0.960645
-0.304221 -1.03938 0.901527
-0.304221 -1.03938 0.901527
-0.274849 -1.05361 0.880053
-0.274849 -1.05361 0.880053
0.00403239 -1.06174 0.898792
0.00403239 -1.06174 0.898792
0.0578505 -1.16154 0.827411
0.0578505 -1.16154 0.827411
0.0690026 -1.18606 0.804846
0.0690026 -1.18606 0.804846
-0.135082 -1.1787 0.766531
-0.135082 -1.1787 0.766531
-0.106438 -1.20927 0.738619
-0.106438 -1.20927 0.738619
-0.0823103 -1.22032 0.741318
-0.0823103 -1.22032 0.741318
0.108973 -1.17124 0.818859
0.108973 -1.17124 0.818859
0.139211 -1.20016 0.804218
0.157783 -1.19562 0.817556
0.157783 -1.19562 0.817556
0.184263 -1.2231 0.804387
0.197069 -1.26264 0.805609
0.212786 -1.25234 0.814882
0.233426 -1.28045 0.804696
0.234703 -1.27317 0.827312
0.258245 -1.30608 0.814485
0.238581 -1.31618 0.833795
0.268996 -1.32426 0.834309
0.272352 -1.32916 0.844533
0.288371 -1.34711 0.83299
0.271533 -1.35875 0.854882
0.27779 -1.36697 0.866398
0.294258 -1.39487 0.858279
0.29817 -1.39486 0.860928
0.291962 -1.42116 0.866167
0.330142 -1.42156 0.870004
0.292949 -1.44394 0.889593
0.292869 -1.45715 0.904235
0.297039 -1.49272 0.87854
0.278434 -1.49401 0.90953
0.284911 -1.50528 0.905903
0.274281 -1.52503 0.910571
0.243074 -1.5527 0.915081
0.240356 -1.54734 0.92654
0.236264 -1.57272 0.909747
0.222666 -1.582 0.914767
0.201615 -1.59048 0.917312
0.175019 -1.6052 0.916942
0.221913 -1.10847 0.683016
0.319419 -1.06152 0.85723
0.319419 -1.06152 0.85723
0.228738 -1.10935 0.724518
0.298038 -1.03169 0.875697
0.298038 -1.03169 0.875697
0.131397 -1.0013 0.566131
0.131397 -1.0013 0.566131
0.102812 -0.97026 0.533655
0.102812 -0.97026 0.533655
0.271352 -1.01615 0.890288
-0.173596 -0.574843 0.838825
-0.173596 -0.574843 0.838825
-0.169483 -0.620722 0.834372
-0.169483 -0.620722 0.834372
-0.204822 -0.637483 0.811488
-0.204822 -0.637483 0.811488
0.0538999 -0.720321 0.896527
0.0538999 -0.720321 0.896527
-0.247891 -0.709894 0.806039
-0.247891 -0.709894 0.806039
-0.267019 -0.739902 0.800416
-0.267019 -0.739902 0.800416
-0.302803 -0.771451 0.800418
-0.302803 -0.771451 0.800418
0.015646 -0.867254 0.862772
0.015646 -0.867254 0.862772
-0.396183 -0.898354 0.794918
-0.396183 -0.898354 0.794918
-0.400135 -0.944236 0.784204
-0.400135 -0.944236 0.784204
-0.126868 -1.04816 0.855401
-0.126868 -1.04816 0.855401
-0.126868 -1.04816 0.855401
-0.126868 -1.04816 0.855401
-0.126868 -1.04816 0.855401
-0.143418 -1.08787 0.846317
-0.143418 -1.08787 0.846317
-0.406981 -1.06441 0.908502
-0.406981 -1.06441 0.908502
-0.406981 -1.06441 0.908502
-0.406981 -1.06441 0.908502
-0.406981 -1.06441 0.908502
-0.157572 -1.15892 0.815289
-0.157572 -1.15892 0.815289
-0.157572 -1.15892 0.815289
-0.521035 -1.09097 0.805307
-0.521035 -1.09097 0.805307
-0.521035 -1.09097 0.805307
-0.521035 -1.09097 0.805307
-0.521035 -1.09097 0.805307
-0.469787 -1.02959 0.909467
-0.469787 -1.02959 0.909467
-0.469787 -1.02959 0.909467
-0.469787 -1.02959 0.909467
-0.469787 -1.02959 0.909467
-0.332579 -0.862985 1.29849
-0.332579 -0.862985 1.29849
-0.332579 -0.862985 1.29849
-0.332579 -0.862985 1.29849
-0.332579 -0.862985 1.29849
-0.332579 -0.862985 1.29849
-0.332579 -0.862985 1.29849
-0.332579 -0.862985 1.29849
-0.48813 -1.06457 0.927016
-0.48813 -1.06457 0.927016
-0.48813 -1.06457 0.927016
-0.48813 -1.06457 0.927016
-0.48813 -1.06457 0.927016
-0.342748 -0.926558 1.29577
-0.342748 -0.926558 1.29577
-0.342748 -0.926558 1.29577
-0.342748 -0.926558 1.29577
-0.342748 -0.926558 1.29577
-0.342748 -0.926558 1.29577
-0.342748 -0.926558 1.29577
-0.342748 -0.926558 1.29577
-0.47975 -1.12757 0.921738
-0.47975 -1.12757 0.921738
-0.26013 -1.01916 1.27942
-0.26013 -1.01916 1.27942
-0.26013 -1.01916 1.27942
-0.584889 -0.885796 0.970032
-0.584889 -0.885796 0.970032
-0.584889 -0.885796 0.970032
-0.604957 -0.936476 0.946214
-0.604957 -0.936476 0.946214
-0.604957 -0.936476 0.946214
-0.586921 -0.980302 0.960367
-0.586921 -0.980302 0.960367
-0.586921 -0.980302 0.960367
-0.577301 -1.00296 0.954859
-0.577301 -1.00296 0.954859
-0.577301 -1.00296 0.954859
-0.546125 -1.01095 0.980911
-0.546125 -1.01095 0.980911
-0.546125 -1.01095 0.980911
-0.546125 -1.01095 0.980911
-0.543202 -1.005 0.968609
-0.543202 -1.005 0.968609
-0.543202 -1.005 0.968609
-0.526159 -1.07614 0.953527
-0.526159 -1.07614 0.953527
-0.526159 -1.07614 0.953527
-0.499946 -1.08589 0.97637
-0.499946 -1.08589 0.97637
-0.499946 -1.08589 0.97637
-0.250489 -1.18777 0.968928
-0.250489 -1.18777 0.968928
-0.250489 -1.18777 0.968928
-0.509564 -1.19022 0.937469
-0.509564 -1.19022 0.937469
-0.509564 -1.19022 0.937469
-0.495732 -1.38793 0.918673
-0.495732 -1.38793 0.918673
-0.495732 -1.38793 0.918673
-0.495732 -1.38793 0.918673
-0.511337 -1.45292 0.88268
-0.511337 -1.45292 0.88268
-0.511337 -1.45292 0.88268
-0.488473 -1.69938 0.822343
-0.488473 -1.69938 0.822343
-0.0395639 -1.70213 0.923778
-0.0395639 -1.70213 0.923778
-0.0395639 -1.70213 0.923778
-0.0684028 -1.73505 0.923527
-0.0684028 -1.73505 0.923527
-0.711635 -1.63088 -0.443904
-0.711635 -1.63088 -0.443904
-0.711635 -1.63088 -0.443904
-0.475236 -1.79803 0.835072
-0.475236 -1.79803 0.835072
-0.0337842 -1.79332 0.924879
-0.0337842 -1.79332 0.924879
-0.0337842 -1.79332 0.924879
-0.43462 -1.41091 -0.743318
-0.43462 -1.41091 -0.743318
-0.43462 -1.41091 -0.743318
-0.0923963 -1.11083 -1.05178
-0.0923963 -1.11083 -1.05178
-0.0923963 -1.11083 -1.05178
-0.495075 -0.857469 0.823866
-0.495075 -0.857469 0.823866
-0.0749395 -0.858338 0.912226
-0.0749395 -0.858338 0.912226
-0.104698 -0.845939 0.91581
-0.104698 -0.845939 0.91581
-0.54115 -0.841577 0.850382
-0.54115 -0.841577 0.850382
-0.132427 -0.85189 0.945007
-0.132427 -0.85189 0.945007
-0.560606 -0.869509 0.846516
-0.560606 -0.869509 0.846516
-0.560606 -0.869509 0.846516
-0.560606 -0.869509 0.846516
-0.560606 -0.869509 0.846516
-0.221988 -0.839871 0.963971
-0.221988 -0.839871 0.963971
-0.24546 -0.83535 0.969326
-0.24546 -0.83535 0.969326
-0.580149 -0.871247 0.839444
-0.580149 -0.871247 0.839444
-0.1966 -0.839127 0.959853
-0.1966 -0.839127 0.959853
-0.1966 -0.839127 0.959853
-0.1966 -0.839127 0.959853
-0.1966 -0.839127 0.959853
-0.1966 -0.839127 0.959853
-0.1966 -0.839127 0.959853
-0.1966 -0.839127 0.959853
-0.236161 -0.819744 0.981574
-0.236161 -0.819744 0.981574
-0.236161 -0.819744 0.981574
-0.630368 -0.850906 0.882278
-0.630368 -0.850906 0.882278
-0.630368 -0.850906 0.882278
-0.630368 -0.850906 0.882278
-0.630368 -0.850906 0.882278
-0.630368 -0.850906 0.882278
-0.630368 -0.850906 0.882278
-0.630368 -0.850906 0.882278
-0.494993 -1.00942 1.09679
-0.494993 -1.00942 1.09679
-0.494993 -1.00942 1.09679
-0.494993 -1.00942 1.09679
-0.494993 -1.00942 1.09679
-0.494993 -1.00942 1.09679
-0.494993 -1.00942 1.09679
-0.494993 -1.00942 1.09679
-0.552397 -0.616438 1.06526
-0.552397 -0.616438 1.06526
-0.552397 -0.616438 1.06526
-0.552397 -0.616438 1.06526
-0.552397 -0.616438 1.06526
-0.552397 -0.616438 1.06526
-0.552397 -0.616438 1.06526
-0.552397 -0.616438 1.06526
-0.606618 -0.650507 1.10576
-0.606618 -0.650507 1.10576
-0.606618 -0.650507 1.10576
-0.606618 -0.650507 1.10576
-0.606618 -0.650507 1.10576
-0.606618 -0.650507 1.10576
-0.606618 -0.650507 1.10576
-0.606618 -0.650507 1.10576
-0.613449 -0.167218 1.19166
-0.613449 -0.167218 1.19166
-0.613449 -0.167218 1.19166
-0.613449 -0.167218 1.19166
-0.613449 -0.167218 1.19166
-0.613449 -0.167218 1.19166
-0.613449 -0.167218 1.19166
-0.613449 -0.167218 1.19166
-0.629006 -0.152957 1.22151
-0.629006 -0.152957 1.22151
-0.629006 -0.152957 1.22151
-0.629006 -0.152957 1.22151
-0.629006 -0.152957 1.22151
-0.629006 -0.152957 1.22151
-0.629006 -0.152957 1.22151
-0.629006 -0.152957 1.22151
-0.619805 0.347372 1.18202
-0.619805 0.347372 1.18202
-0.619805 0.347372 1.18202
-0.619805 0.347372 1.18202
-0.619805 0.347372 1.18202
-0.619805 0.347372 1.18202
-0.619805 0.347372 1.18202
-0.619805 0.347372 1.18202
-0.702343 -0.173308 1.22366
-0.702343 -0.173308 1.22366
-0.702343 -0.173308 1.22366
-0.702343 -0.173308 1.22366
-0.702343 -0.173308 1.22366
-0.702343 -0.173308 1.22366
-0.702343 -0.173308 1.22366
-0.702343 -0.173308 1.22366
-0.745024 -0.00243553 1.11927
-0.745024 -0.00243553 1.11927
-0.745024 -0.00243553 1.11927
-0.745024 -0.00243553 1.11927
-0.745024 -0.00243553 1.11927
-0.827886 -0.30933 1.12478
-0.827886 -0.30933 1.12478
-0.827886 -0.30933 1.12478
-0.827886 -0.30933 1.12478
-0.827886 -0.30933 1.12478
-0.253576 -0.0347884 1.07225
-0.253576 -0.0347884 1.07225
-0.253576 -0.0347884 1.07225
-0.253576 -0.0347884 1.07225
-0.253576 -0.0347884 1.07225
-0.340629 -0.0657505 1.06563
-0.340629 -0.0657505 1.06563
-0.340629 -0.0657505 1.06563
-0.340629 -0.0657505 1.06563
-0.340629 -0.0657505 1.06563
-0.336674 -0.059143 1.08765
-0.336674 -0.059143 1.08765
-0.336674 -0.059143 1.08765
-0.336674 -0.059143 1.08765
-0.336674 -0.059143 1.08765
-0.280357 -0.397819 1.18125
-0.280357 -0.397819 1.18125
-0.280357 -0.397819 1.18125
-0.280357 -0.397819 1.18125
-0.280357 -0.397819 1.18125
-0.280357 -0.397819 1.18125
-0.280357 -0.397819 1.18125
-0.280357 -0.397819 1.18125
-0.339474 -0.425737 1.19783
-0.339474 -0.425737 1.19783
-0.339474 -0.425737 1.19783
-0.339474 -0.425737 1.19783
-0.339474 -0.425737 1.19783
-0.339474 -0.425737 1.19783
-0.339474 -0.425737 1.19783
-0.339474 -0.425737 1.19783
-0.0110643 -0.282084 1.19248
-0.0110643 -0.282084 1.19248
-0.0110643 -0.282084 1.19248
-0.0110643 -0.282084 1.19248
-0.0110643 -0.282084 1.19248
-0.0110643 -0.282084 1.19248
-0.0110643 -0.282084 1.19248
-0.0110643 -0.282084 1.19248
-0.453014 0.0293615 1.11204
-0.453014 0.0293615 1.11204
-0.453014 0.0293615 1.11204
-0.453014 0.0293615 1.11204
-0.453014 0.0293615 1.11204
-0.453014 0.0293615 1.11204
-0.453014 0.0293615 1.11204
-0.453014 0.0293615 1.11204
-0.0167959 0.0909352 1.2177
-0.0167959 0.0909352 1.2177
-0.0167959 0.0909352 1.2177
-0.0167959 0.0909352 1.2177
-0.0167959 0.0909352 1.2177
-0.0167959 0.0909352 1.2177
-0.0167959 0.0909352 1.2177
-0.0167959 0.0909352 1.2177
-0.0274706 0.150005 1.23649
-0.0274706 0.150005 1.23649
-0.0274706 0.150005 1.23649
-0.0274706 0.150005 1.23649
-0.0274706 0.150005 1.23649
-0.0274706 0.150005 1.23649
-0.0274706 0.150005 1.23649
-0.0274706 0.150005 1.23649
-0.503553 0.156306 1.14601
-0.503553 0.156306 1.14601
-0.503553 0.156306 1.14601
-0.503553 0.156306 1.14601
-0.503553 0.156306 1.14601
-0.503553 0.156306 1.14601
-0.503553 0.156306 1.14601
-0.503553 0.156306 1.14601
-0.565026 0.335446 1.17009
-0.565026 0.335446 1.17009
-0.565026 0.335446 1.17009
-0.565026 0.335446 1.17009
-0.565026 0.335446 1.17009
-0.565026 0.335446 1.17009
-0.565026 0.335446 1.17009
-0.565026 0.335446 1.17009
-0.441449 0.0476336 1.23178
-0.441449 0.0476336 1.23178
-0.441449 0.0476336 1.23178
-0.441449 0.0476336 1.23178
-0.441449 0.0476336 1.23178
-0.441449 0.0476336 1.23178
-0.441449 0.0476336 1.23178
-0.441449 0.0476336 1.23178
-0.56585 0.449743 1.28378
-0.56585 0.449743 1.28378
-0.56585 0.449743 1.28378
-0.56585 0.449743 1.28378
-0.56585 0.449743 1.28378
-0.56585 0.449743 1.28378
-0.56585 0.449743 1.28378
-0.56585 0.449743 1.28378
-0.53634 0.489625 1.32436
-0.53634 0.489625 1.32436
-0.53634 0.489625 1.32436
-0.53634 0.489625 1.32436
-0.53634 0.489625 1.32436
-0.53634 0.489625 1.32436
-0.53634 0.489625 1.32436
-0.53634 0.489625 1.32436
-0.483922 0.323892 1.23525
-0.483922 0.323892 1.23525
-0.483922 0.323892 1.23525
-0.483922 0.323892 1.23525
-0.483922 0.323892 1.23525
-0.483922 0.323892 1.23525
-0.483922 0.323892 1.23525
-0.483922 0.323892 1.23525
-0.564758 0.115143 1.21974
-0.564758 0.115143 1.21974
-0.564758 0.115143 1.21974
-0.564758 0.115143 1.21974
-0.564758 0.115143 1.21974
-0.564758 0.115143 1.21974
-0.564758 0.115143 1.21974
-0.564758 0.115143 1.21974
-0.571242 0.534496 1.37387
-0.571242 0.534496 1.37387
-0.571242 0.534496 1.37387
-0.571242 0.534496 1.37387
-0.571242 0.534496 1.37387
-0.571242 0.534496 1.37387
-0.571242 0.534496 1.37387
-0.571242 0.534496 1.37387
-0.623723 0.524096 1.3586
-0.623723 0.524096 1.3586
-0.623723 0.524096 1.3586
-0.623723 0.524096 1.3586
-0.623723 0.524096 1.3586
-0.623723 0.524096 1.3586
-0.623723 0.524096 1.3586
-0.623723 0.524096 1.3586
-0.745786 -0.11711 1.43908
-0.745786 -0.11711 1.43908
-0.745786 -0.11711 1.43908
-0.745786 -0.11711 1.43908
-0.745786 -0.11711 1.43908
-0.745786 -0.11711 1.43908
-0.745786 -0.11711 1.43908
-0.745786 -0.11711 1.43908
-0.17035 -0.105981 1.19256
-0.17035 -0.105981 1.19256
-0.17035 -0.105981 1.19256
-0.17035 -0.105981 1.19256
-0.17035 -0.105981 1.19256
-0.17035 -0.105981 1.19256
-0.17035 -0.105981 1.19256
-0.17035 -0.105981 1.19256
-0.318905 -0.313134 1.1876
-0.318905 -0.313134 1.1876
-0.318905 -0.313134 1.1876
-0.318905 -0.313134 1.1876
-0.318905 -0.313134 1.1876
-0.318905 -0.313134 1.1876
-0.318905 -0.313134 1.1876
-0.318905 -0.313134 1.1876
-0.335337 -0.318001 1.17572
-0.335337 -0.318001 1.17572
-0.335337 -0.318001 1.17572
-0.335337 -0.318001 1.17572
-0.335337 -0.318001 1.17572
-0.335337 -0.318001 1.17572
-0.335337 -0.318001 1.17572
-0.335337 -0.318001 1.17572
-0.371631 -0.311736 1.17347
-0.371631 -0.311736 1.17347
-0.371631 -0.311736 1.17347
-0.371631 -0.311736 1.17347
-0.371631 -0.311736 1.17347
-0.371631 -0.311736 1.17347
-0.371631 -0.311736 1.17347
-0.371631 -0.311736 1.17347
-0.437517 0.0296125 1.09126
-0.437517 0.0296125 1.09126
-0.437517 0.0296125 1.09126
-0.437517 0.0296125 1.09126
-0.437517 0.0296125 1.09126
-0.437517 0.0296125 1.09126
-0.437517 0.0296125 1.09126
-0.437517 0.0296125 1.09126
-0.387663 -0.344132 1.16139
-0.387663 -0.344132 1.16139
-0.387663 -0.344132 1.16139
-0.387663 -0.344132 1.16139
-0.387663 -0.344132 1.16139
-0.387663 -0.344132 1.16139
-0.387663 -0.344132 1.16139
-0.387663 -0.344132 1.16139
-0.42498 -0.340474 1.14096
-0.42498 -0.340474 1.14096
-0.42498 -0.340474 1.14096
-0.42498 -0.340474 1.14096
-0.42498 -0.340474 1.14096
-0.42498 -0.340474 1.14096
-0.42498 -0.340474 1.14096
-0.42498 -0.340474 1.14096
0.00981316 0.0067666 1.16321
0.00981316 0.0067666 1.16321
0.00981316 0.0067666 1.16321
0.00981316 0.0067666 1.16321
0.00981316 0.0067666 1.16321
0.00981316 0.0067666 1.16321
0.00981316 0.0067666 1.16321
0.00981316 0.0067666 1.16321
-0.433178 0.013991 1.09809
-0.433178 0.013991 1.09809
-0.433178 0.013991 1.09809
-0.433178 0.013991 1.09809
-0.433178 0.013991 1.09809
-0.433178 0.013991 1.09809
-0.433178 0.013991 1.09809
-0.433178 0.013991 1.09809
-0.466423 0.0167754 1.09151
-0.466423 0.0167754 1.09151
-0.466423 0.0167754 1.09151
-0.466423 0.0167754 1.09151
-0.466423 0.0167754 1.09151
-0.466423 0.0167754 1.09151
-0.466423 0.0167754 1.09151
-0.466423 0.0167754 1.09151
-0.120338 -0.278806 1.16103
-0.120338 -0.278806 1.16103
-0.120338 -0.278806 1.16103
-0.120338 -0.278806 1.16103
-0.120338 -0.278806 1.16103
-0.120338 -0.278806 1.16103
-0.120338 -0.278806 1.16103
-0.120338 -0.278806 1.16103
-0.509744 0.0305929 1.10055
-0.509744 0.0305929 1.10055
-0.509744 0.0305929 1.10055
-0.509744 0.0305929 1.10055
-0.509744 0.0305929 1.10055
-0.509744 0.0305929 1.10055
-0.509744 0.0305929 1.10055
-0.509744 0.0305929 1.10055
-0.241948 -0.250958 1.17455
-0.241948 -0.250958 1.17455
-0.241948 -0.250958 1.17455
-0.241948 -0.250958 1.17455
-0.241948 -0.250958 1.17455
-0.241948 -0.250958 1.17455
-0.241948 -0.250958 1.17455
-0.241948 -0.250958 1.17455
-0.534585 0.0420645 1.12227
-0.534585 0.0420645 1.12227
-0.534585 0.0420645 1.12227
-0.534585 0.0420645 1.12227
-0.534585 0.0420645 1.12227
-0.534585 0.0420645 1.12227
-0.534585 0.0420645 1.12227
-0.534585 0.0420645 1.12227
-0.525524 0.0377003 1.15261
-0.525524 0.0377003 1.15261
-0.525524 0.0377003 1.15261
-0.525524 0.0377003 1.15261
-0.525524 0.0377003 1.15261
-0.525524 0.0377003 1.15261
-0.525524 0.0377003 1.15261
-0.525524 0.0377003 1.15261
-0.580338 -0.325104 1.16237
-0.580338 -0.325104 1.16237
-0.580338 -0.325104 1.16237
-0.580338 -0.325104 1.16237
-0.580338 -0.325104 1.16237
-0.580338 -0.325104 1.16237
-0.580338 -0.325104 1.16237
-0.580338 -0.325104 1.16237
-0.568358 -0.322655 1.19143
-0.568358 -0.322655 1.19143
-0.568358 -0.322655 1.19143
-0.568358 -0.322655 1.19143
-0.568358 -0.322655 1.19143
-0.568358 -0.322655 1.19143
-0.568358 -0.322655 1.19143
-0.568358 -0.322655 1.19143
-0.611914 0.0992098 1.16544
-0.611914 0.0992098 1.16544
-0.611914 0.0992098 1.16544
-0.611914 0.0992098 1.16544
-0.611914 0.0992098 1.16544
-0.611914 0.0992098 1.16544
-0.611914 0.0992098 1.16544
-0.611914 0.0992098 1.16544
-0.647063 -0.289284 1.19286
-0.647063 -0.289284 1.19286
-0.647063 -0.289284 1.19286
-0.647063 -0.289284 1.19286
-0.647063 -0.289284 1.19286
-0.647063 -0.289284 1.19286
-0.647063 -0.289284 1.19286
-0.647063 -0.289284 1.19286
-0.673329 -0.241352 1.233
-0.673329 -0.241352 1.233
-0.673329 -0.241352 1.233
-0.673329 -0.241352 1.233
-0.673329 -0.241352 1.233
-0.673329 -0.241352 1.233
-0.673329 -0.241352 1.233
-0.673329 -0.241352 1.233
-0.949324 0.0635744 0.874793
-0.949324 0.0635744 0.874793
-0.949324 0.0635744 0.874793
-0.949324 0.0635744 0.874793
-0.949324 0.0635744 0.874793
-0.946101 0.0771886 0.915255
-0.946101 0.0771886 0.915255
-0.946101 0.0771886 0.915255
-0.946101 0.0771886 0.915255
-0.946101 0.0771886 0.915255
-0.674914 0.366605 1.24055
-0.674914 0.366605 1.24055
-0.674914 0.366605 1.24055
-0.674914 0.366605 1.24055
-0.674914 0.366605 1.24055
-0.745731 0.340309 1.19961
-0.745731 0.340309 1.19961
-0.745731 0.340309 1.19961
-0.745731 0.340309 1.19961
-0.745731 0.340309 1.19961
-0.0756012 0.224057 1.06861
-0.0756012 0.224057 1.06861
-0.0756012 0.224057 1.06861
-0.0756012 0.224057 1.06861
-0.0756012 0.224057 1.06861
-0.048714 0.220753 1.08202
-0.048714 0.220753 1.08202
-0.048714 0.220753 1.08202
-0.048714 0.220753 1.08202
-0.048714 0.220753 1.08202
-0.0596946 0.2393 1.06351
-0.0596946 0.2393 1.06351
-0.0596946 0.2393 1.06351
-0.0596946 0.2393 1.06351
-0.0596946 0.2393 1.06351
-0.0406389 0.246254 1.07039
-0.0406389 0.246254 1.07039
-0.0406389 0.246254 1.07039
-0.0406389 0.246254 1.07039
-0.0406389 0.246254 1.07039
0.290419 0.0849028 1.05697
0.290419 0.0849028 1.05697
0.285904 0.09615 1.06531
0.285904 0.09615 1.06531
-0.0245048 0.150105 1.07787
-0.0245048 0.150105 1.07787
-0.027771 0.15773 1.0813
-0.027771 0.15773 1.0813
-0.00955924 0.181169 1.0876
-0.00955924 0.181169 1.0876
0.317562 0.173867 1.06032
0.317562 0.173867 1.06032
-0.000999401 0.223213 1.08369
-0.000999401 0.223213 1.08369
0.366249 0.238111 1.03591
0.366249 0.238111 1.03591
0.0148394 0.275871 1.07715
0.0148394 0.275871 1.07715
0.016504 0.301718 1.07066
0.016504 0.301718 1.07066
0.358236 0.286174 1.07282
0.358236 0.286174 1.07282
0.358236 0.286174 1.07282
0.365313 0.313572 1.06839
0.365313 0.313572 1.06839
0.365313 0.313572 1.06839
0.386506 0.343236 1.05321
0.386506 0.343236 1.05321
0.386506 0.343236 1.05321
0.404787 0.349932 1.0509
0.404787 0.349932 1.0509
0.404787 0.349932 1.0509
0.529543 0.411145 0.866199
0.529543 0.411145 0.866199
0.529543 0.411145 0.866199
0.541741 0.418947 0.870069
0.541741 0.418947 0.870069
0.38362 0.403722 1.08271
0.38362 0.403722 1.08271
0.38362 0.403722 1.08271
0.432235 0.417406 1.04891
0.432235 0.417406 1.04891
0.432235 0.417406 1.04891
0.420507 0.448833 1.05515
0.420507 0.448833 1.05515
0.420507 0.448833 1.05515
0.417642 0.44605 1.06189
0.417642 0.44605 1.06189
0.417642 0.44605 1.06189
0.426532 0.470006 1.04957
0.426532 0.470006 1.04957
0.426532 0.470006 1.04957
0.402992 0.495874 1.05986
0.402992 0.495874 1.05986
0.402992 0.495874 1.05986
0.383711 0.514493 1.07229
0.383711 0.514493 1.07229
0.383711 0.514493 1.07229
0.379917 0.536879 1.05928
0.379917 0.536879 1.05928
0.379917 0.536879 1.05928
0.390158 0.572536 1.03311
0.390158 0.572536 1.03311
0.390158 0.572536 1.03311
0.330381 0.594747 1.06062
0.330381 0.594747 1.06062
0.330381 0.594747 1.06062
0.320151 0.624785 1.05423
0.320151 0.624785 1.05423
0.320151 0.624785 1.05423
0.275193 0.640312 1.09722
0.275193 0.640312 1.09722
0.275193 0.640312 1.09722
0.300884 0.694042 1.04522
0.300884 0.694042 1.04522
0.300884 0.694042 1.04522
0.321117 0.685024 1.03413
0.321117 0.685024 1.03413
0.321117 0.685024 1.03413
0.288759 0.738076 1.02305
0.288759 0.738076 1.02305
0.288759 0.738076 1.02305
0.263785 0.754448 1.0277
0.263785 0.754448 1.0277
0.263785 0.754448 1.0277
0.262429 0.788379 1.00514
0.262429 0.788379 1.00514
0.262429 0.788379 1.00514
0.268387 0.807525 1.00774
0.268387 0.807525 1.00774
0.268387 0.807525 1.00774
0.256177 0.831662 0.981208
0.256177 0.831662 0.981208
0.256177 0.831662 0.981208
0.428776 0.824776 1.31304
0.428776 0.824776 1.31304
0.428776 0.824776 1.31304
0.428776 0.824776 1.31304
0.428776 0.824776 1.31304
0.428776 0.824776 1.31304
0.428776 0.824776 1.31304
0.428776 0.824776 1.31304
0.368884 0.843921 1.26097
0.368884 0.843921 1.26097
0.368884 0.843921 1.26097
0.368884 0.843921 1.26097
0.368884 0.843921 1.26097
0.368884 0.843921 1.26097
0.368884 0.843921 1.26097
0.368884 0.843921 1.26097
0.399685 0.915951 1.31344
0.399685 0.915951 1.31344
0.399685 0.915951 1.31344
0.399685 0.915951 1.31344
0.399685 0.915951 1.31344
0.399685 0.915951 1.31344
0.399685 0.915951 1.31344
0.399685 0.915951 1.31344
0.477743 0.839128 1.17554
0.477743 0.839128 1.17554
0.477743 0.839128 1.17554
0.477743 0.839128 1.17554
0.477743 0.839128 1.17554
0.477743 0.839128 1.17554
0.477743 0.839128 1.17554
0.477743 0.839128 1.17554
0.335864 1.0648 1.26127
0.335864 1.0648 1.26127
0.335864 1.0648 1.26127
0.335864 1.0648 1.26127
0.335864 1.0648 1.26127
0.335864 1.0648 1.26127
0.335864 1.0648 1.26127
0.335864 1.0648 1.26127
0.338418 1.12195 1.25282
0.338418 1.12195 1.25282
0.338418 1.12195 1.25282
0.338418 1.12195 1.25282
0.338418 1.12195 1.25282
0.338418 1.12195 1.25282
0.338418 1.12195 1.25282
0.338418 1.12195 1.25282
0.504617 1.0272 1.1641
0.504617 1.0272 1.1641
0.504617 1.0272 1.1641
0.504617 1.0272 1.1641
0.504617 1.0272 1.1641
0.504617 1.0272 1.1641
0.504617 1.0272 1.1641
0.504617 1.0272 1.1641
0.474642 1.07856 1.17265
0.474642 1.07856 1.17265
0.474642 1.07856 1.17265
0.474642 1.07856 1.17265
0.474642 1.07856 1.17265
0.474642 1.07856 1.17265
0.474642 1.07856 1.17265
0.474642 1.07856 1.17265
0.506997 0.890105 1.16656
0.506997 0.890105 1.16656
0.506997 0.890105 1.16656
0.506997 0.890105 1.16656
0.506997 0.890105 1.16656
0.506997 0.890105 1.16656
0.506997 0.890105 1.16656
0.506997 0.890105 1.16656
0.534591 0.91426 1.16704
0.534591 0.91426 1.16704
0.534591 0.91426 1.16704
0.534591 0.91426 1.16704
0.534591 0.91426 1.16704
0.534591 0.91426 1.16704
0.534591 0.91426 1.16704
0.534591 0.91426 1.16704
0.338818 0.311566 1.20883
0.338818 0.311566 1.20883
0.338818 0.311566 1.20883
0.338818 0.311566 1.20883
0.338818 0.311566 1.20883
0.338818 0.311566 1.20883
0.338818 0.311566 1.20883
0.338818 0.311566 1.20883
0.364811 0.350803 1.21712
0.364811 0.350803 1.21712
0.364811 0.350803 1.21712
0.364811 0.350803 1.21712
0.364811 0.350803 1.21712
0.364811 0.350803 1.21712
0.364811 0.350803 1.21712
0.364811 0.350803 1.21712
0.406863 -0.0745533 1.24197
0.406863 -0.0745533 1.24197
0.406863 -0.0745533 1.24197
0.406863 -0.0745533 1.24197
0.406863 -0.0745533 1.24197
0.406863 -0.0745533 1.24197
0.406863 -0.0745533 1.24197
0.406863 -0.0745533 1.24197
0.619778 0.0408804 1.17154
0.619778 0.0408804 1.17154
0.619778 0.0408804 1.17154
0.619778 0.0408804 1.17154
0.619778 0.0408804 1.17154
0.619778 0.0408804 1.17154
0.619778 0.0408804 1.17154
0.619778 0.0408804 1.17154
0.383336 0.459258 1.18433
0.383336 0.459258 1.18433
0.383336 0.459258 1.18433
0.383336 0.459258 1.18433
0.383336 0.459258 1.18433
0.383336 0.459258 1.18433
0.383336 0.459258 1.18433
0.383336 0.459258 1.18433
0.562642 0.332056 1.17069
0.562642 0.332056 1.17069
0.562642 0.332056 1.17069
0.562642 0.332056 1.17069
0.562642 0.332056 1.17069
0.562642 0.332056 1.17069
0.562642 0.332056 1.17069
0.562642 0.332056 1.17069
0.383719 0.454925 1.18158
0.383719 0.454925 1.18158
0.383719 0.454925 1.18158
0.383719 0.454925 1.18158
0.383719 0.454925 1.18158
0.383719 0.454925 1.18158
0.383719 0.454925 1.18158
0.383719 0.454925 1.18158
0.568029 0.41719 1.17928
0.568029 0.41719 1.17928
0.568029 0.41719 1.17928
0.568029 0.41719 1.17928
0.568029 0.41719 1.17928
0.568029 0.41719 1.17928
0.568029 0.41719 1.17928
0.568029 0.41719 1.17928
0.42731 0.0955409 1.23602
0.42731 0.0955409 1.23602
0.42731 0.0955409 1.23602
0.419809 0.133957 1.22063
0.419809 0.133957 1.22063
0.419809 0.133957 1.22063
0.446774 0.15542 1.22437
0.446774 0.15542 1.22437
0.446774 0.15542 1.22437
-0.186034 0.243842 1.12661
-0.186034 0.243842 1.12661
-0.186034 0.243842 1.12661
-0.504608 0.208815 1.14344
-0.504608 0.208815 1.14344
-0.504608 0.208815 1.14344
-0.550431 0.236386 1.12343
-0.550431 0.236386 1.12343
-0.550431 0.236386 1.12343
-0.529953 0.244478 1.13586
-0.529953 0.244478 1.13586
-0.529953 0.244478 1.13586
-0.548722 0.265895 1.13173
-0.548722 0.265895 1.13173
-0.548722 0.265895 1.13173
-0.527037 0.252224 1.12156
-0.527037 0.252224 1.12156
-0.527037 0.252224 1.12156
-0.556024 0.295063 1.12583
-0.556024 0.295063 1.12583
-0.556024 0.295063 1.12583
-0.589314 0.276622 1.08996
-0.589314 0.276622 1.08996
-0.589314 0.276622 1.08996
-0.55233 0.300833 1.12118
-0.55233 0.300833 1.12118
-0.55233 0.300833 1.12118
-0.507822 0.331631 1.15574
-0.507822 0.331631 1.15574
-0.507822 0.331631 1.15574
-0.532568 0.276509 1.09919
-0.532568 0.276509 1.09919
-0.532568 0.276509 1.09919
-0.565792 0.302521 1.07441
-0.565792 0.302521 1.07441
-0.565792 0.302521 1.07441
-0.530071 0.296321 1.09954
-0.530071 0.296321 1.09954
-0.530071 0.296321 1.09954
-0.46503 0.298962 1.11412
-0.46503 0.298962 1.11412
-0.46503 0.298962 1.11412
0.00983215 0.362642 1.1403
0.00983215 0.362642 1.1403
0.00983215 0.362642 1.1403
0.0172831 0.355511 1.13928
0.0172831 0.355511 1.13928
0.0172831 0.355511 1.13928
-0.434558 0.333083 1.10434
-0.434558 0.333083 1.10434
-0.434558 0.333083 1.10434
-0.478088 0.347628 1.06431
-0.478088 0.347628 1.06431
-0.478088 0.347628 1.06431
-0.429768 0.362403 1.09716
-0.429768 0.362403 1.09716
-0.429768 0.362403 1.09716
-0.41331 0.369841 1.08077
-0.41331 0.369841 1.08077
-0.41331 0.369841 1.08077
-0.395886 0.381149 1.09483
-0.395886 0.381149 1.09483
-0.395886 0.381149 1.09483
-0.34834 0.407874 1.07402
-0.34834 0.407874 1.07402
-0.34834 0.407874 1.07402
-0.272076 0.412434 1.11764
-0.272076 0.412434 1.11764
-0.272076 0.412434 1.11764
-0.265827 0.413499 1.09986
-0.265827 0.413499 1.09986
0.350803 0.438865 1.09306
0.350803 0.438865 1.09306
0.351906 0.44749 1.11326
0.351906 0.44749 1.11326
0.351906 0.44749 1.11326
0.448132 0.401275 1.3843
0.448132 0.401275 1.3843
0.448132 0.401275 1.3843
0.462457 0.421536 1.38042
0.462457 0.421536 1.38042
0.462457 0.421536 1.38042
0.463633 0.408002 1.35031
0.463633 0.408002 1.35031
0.463633 0.408002 1.35031
0.473498 0.421841 1.33737
0.473498 0.421841 1.33737
0.473498 0.421841 1.33737
0.484579 0.444823 1.34047
0.484579 0.444823 1.34047
0.484579 0.444823 1.34047
0.485887 0.399209 1.28218
0.485887 0.399209 1.28218
0.485887 0.399209 1.28218
0.452506 0.401995 1.25232
0.452506 0.401995 1.25232
0.452506 0.401995 1.25232
0.451205 0.402974 1.21978
0.451205 0.402974 1.21978
0.451205 0.402974 1.21978
0.455465 0.39173 1.20389
0.455465 0.39173 1.20389
0.455465 0.39173 1.20389
0.390071 0.409674 1.12558
0.390071 0.409674 1.12558
0.390071 0.409674 1.12558
-0.228305 0.464072 1.19335
-0.228305 0.464072 1.19335
-0.228305 0.464072 1.19335
-0.605959 0.392332 1.07514
-0.605959 0.392332 1.07514
-0.605959 0.392332 1.07514
-0.583888 0.420381 1.09203
-0.583888 0.420381 1.09203
-0.583888 0.420381 1.09203
-0.571553 0.41696 1.0737
-0.571553 0.41696 1.0737
-0.571553 0.41696 1.0737
-0.541429 0.412726 1.05932
-0.541429 0.412726 1.05932
-0.541429 0.412726 1.05932
-0.0794617 0.48383 1.17136
-0.0794617 0.48383 1.17136
-0.0794617 0.48383 1.17136
-0.551899 0.47709 1.03298
-0.551899 0.47709 1.03298
-0.551899 0.47709 1.03298
-0.512932 0.465085 1.03355
-0.512932 0.465085 1.03355
-0.512932 0.465085 1.03355
0.0364704 0.533355 1.12698
0.0364704 0.533355 1.12698
0.0364704 0.533355 1.12698
-0.480076 0.49977 1.02438
-0.480076 0.49977 1.02438
-0.480076 0.49977 1.02438
-0.469052 0.538725 1.04211
-0.469052 0.538725 1.04211
-0.469052 0.538725 1.04211
0.0531231 0.575855 1.13648
0.0531231 0.575855 1.13648
0.0531231 0.575855 1.13648
-0.4026 0.593577 1.08403
-0.4026 0.593577 1.08403
-0.4026 0.593577 1.08403
-0.390383 0.601847 1.07432
-0.390383 0.601847 1.07432
-0.390383 0.601847 1.07432
-0.396661 0.612611 1.05868
-0.396661 0.612611 1.05868
-0.396661 0.612611 1.05868
-0.354364 0.644203 1.07298
-0.354364 0.644203 1.07298
-0.354364 0.644203 1.07298
0.124163 0.683135 1.11639
0.124163 0.683135 1.11639
0.124163 0.683135 1.11639
-0.311262 0.676612 1.07375
-0.311262 0.676612 1.07375
-0.311687 0.703063 1.0685
-0.311687 0.703063 1.0685
-0.266956 0.731797 1.08405
-0.266956 0.731797 1.08405
-0.251071 0.76892 1.09472
-0.251071 0.76892 1.09472
-0.252494 0.781128 1.07705
-0.252494 0.781128 1.07705
0.226411 0.840622 1.11906
0.226411 0.840622 1.11906
-0.201072 0.836533 1.09616
-0.201072 0.836533 1.09616
-0.201072 0.836533 1.09616
-0.201072 0.836533 1.09616
-0.201072 0.836533 1.09616
0.160768 0.619828 1.16525
0.160768 0.619828 1.16525
0.160768 0.619828 1.16525
0.160768 0.619828 1.16525
0.160768 0.619828 1.16525
-0.150609 0.866828 1.10756
-0.150609 0.866828 1.10756
-0.150609 0.866828 1.10756
-0.150609 0.866828 1.10756
-0.150609 0.866828 1.10756
-0.0298687 0.641518 1.16589
-0.0298687 0.641518 1.16589
-0.0298687 0.641518 1.16589
-0.0298687 0.641518 1.16589
-0.0298687 0.641518 1.16589
-0.0935231 0.899854 1.10251
-0.0935231 0.899854 1.10251
-0.0935231 0.899854 1.10251
-0.0935231 0.899854 1.10251
-0.0935231 0.899854 1.10251
0.275369 0.64101 1.13986
0.275369 0.64101 1.13986
0.275369 0.64101 1.13986
0.275369 0.64101 1.13986
0.275369 0.64101 1.13986
0.275369 0.64101 1.13986
0.275369 0.64101 1.13986
0.275369 0.64101 1.13986
0.3081 -0.0273975 1.13565
0.3081 -0.0273975 1.13565
0.3081 -0.0273975 1.13565
0.3081 -0.0273975 1.13565
0.3081 -0.0273975 1.13565
0.3081 -0.0273975 1.13565
0.3081 -0.0273975 1.13565
0.3081 -0.0273975 1.13565
0.298759 -0.362373 1.14716
0.298759 -0.362373 1.14716
0.298759 -0.362373 1.14716
0.298759 -0.362373 1.14716
0.298759 -0.362373 1.14716
0.298759 -0.362373 1.14716
0.298759 -0.362373 1.14716
0.298759 -0.362373 1.14716
0.306253 -0.331168 1.15475
0.306253 -0.331168 1.15475
0.306253 -0.331168 1.15475
0.306253 -0.331168 1.15475
0.306253 -0.331168 1.15475
0.306253 -0.331168 1.15475
0.306253 -0.331168 1.15475
0.306253 -0.331168 1.15475
0.457208 -0.144562 1.004
0.457208 -0.144562 1.004
0.457208 -0.144562 1.004
0.457208 -0.144562 1.004
0.457208 -0.144562 1.004
0.457208 -0.144562 1.004
0.457208 -0.144562 1.004
0.457208 -0.144562 1.004
0.580455 -0.097257 1.10077
0.580455 -0.097257 1.10077
0.580455 -0.097257 1.10077
0.580455 -0.097257 1.10077
0.580455 -0.097257 1.10077
0.580455 -0.097257 1.10077
0.580455 -0.097257 1.10077
0.580455 -0.097257 1.10077
0.425278 0.00125716 1.1866
0.425278 0.00125716 1.1866
0.425278 0.00125716 1.1866
0.425278 0.00125716 1.1866
0.425278 0.00125716 1.1866
0.425278 0.00125716 1.1866
0.425278 0.00125716 1.1866
0.425278 0.00125716 1.1866
0.409589 -0.44614 1.13749
0.409589 -0.44614 1.13749
0.409589 -0.44614 1.13749
0.409589 -0.44614 1.13749
0.409589 -0.44614 1.13749
0.409589 -0.44614 1.13749
0.409589 -0.44614 1.13749
0.409589 -0.44614 1.13749
0.442077 -0.0368255 1.16762
0.442077 -0.0368255 1.16762
0.442077 -0.0368255 1.16762
0.442077 -0.0368255 1.16762
0.442077 -0.0368255 1.16762
0.442077 -0.0368255 1.16762
0.442077 -0.0368255 1.16762
0.442077 -0.0368255 1.16762
0.619252 -0.30407 1.12465
0.619252 -0.30407 1.12465
0.619252 -0.30407 1.12465
0.619252 -0.30407 1.12465
0.619252 -0.30407 1.12465
0.619252 -0.30407 1.12465
0.619252 -0.30407 1.12465
0.619252 -0.30407 1.12465
0.459261 -0.0526645 1.1618
0.459261 -0.0526645 1.1618
0.459261 -0.0526645 1.1618
0.459261 -0.0526645 1.1618
0.459261 -0.0526645 1.1618
0.459261 -0.0526645 1.1618
0.459261 -0.0526645 1.1618
0.459261 -0.0526645 1.1618
0.586245 -0.269094 1.13353
0.586245 -0.269094 1.13353
0.586245 -0.269094 1.13353
0.586245 -0.269094 1.13353
0.586245 -0.269094 1.13353
0.586245 -0.269094 1.13353
0.586245 -0.269094 1.13353
0.586245 -0.269094 1.13353
0.4313 -0.103843 1.10563
0.4313 -0.103843 1.10563
0.4313 -0.103843 1.10563
0.703163 -0.137891 1.13808
0.703163 -0.137891 1.13808
0.703163 -0.137891 1.13808
0.46803 -0.105849 1.13891
0.46803 -0.105849 1.13891
0.46803 -0.105849 1.13891
0.461669 -0.143628 1.12187
0.461669 -0.143628 1.12187
0.461669 -0.143628 1.12187
0.466813 -0.164459 1.11566
0.466813 -0.164459 1.11566
0.466813 -0.164459 1.11566
0.458493 -0.153284 1.11955
0.458493 -0.153284 1.11955
0.458493 -0.153284 1.11955
0.46361 -0.191795 1.10805
0.46361 -0.191795 1.10805
0.46361 -0.191795 1.10805
0.749131 -0.221914 1.13863
0.749131 -0.221914 1.13863
0.749131 -0.221914 1.13863
0.483685 -0.223859 1.12899
0.483685 -0.223859 1.12899
0.483685 -0.223859 1.12899
0.457419 -0.256869 1.10163
0.457419 -0.256869 1.10163
0.457419 -0.256869 1.10163
0.489739 -0.362853 1.09961
0.489739 -0.362853 1.09961
0.489739 -0.362853 1.09961
0.454257 -0.392267 1.06972
0.454257 -0.392267 1.06972
0.454257 -0.392267 1.06972
-0.151578 -0.415757 1.10979
-0.151578 -0.415757 1.10979
-0.151578 -0.415757 1.10979
-0.528467 -0.485974 1.0798
-0.528467 -0.485974 1.0798
-0.528467 -0.485974 1.0798
-0.501264 -0.522721 1.10307
-0.501264 -0.522721 1.10307
-0.501264 -0.522721 1.10307
-0.168198 -0.557613 1.10306
-0.168198 -0.557613 1.10306
-0.168198 -0.557613 1.10306
-0.550842 -0.696401 1.0192
-0.550842 -0.696401 1.0192
-0.550842 -0.696401 1.0192
-0.141841 -0.6877 1.08818
-0.141841 -0.6877 1.08818
-0.141841 -0.6877 1.08818
-0.187828 -0.715301 1.10604
-0.187828 -0.715301 1.10604
-0.187828 -0.715301 1.10604
-0.201665 -0.743723 1.10471
-0.201665 -0.743723 1.10471
-0.201665 -0.743723 1.10471
-0.578805 -0.802621 0.997054
-0.578805 -0.802621 0.997054
-0.578805 -0.802621 0.997054
-0.545466 -0.821797 1.04853
-0.545466 -0.821797 1.04853
-0.545466 -0.821797 1.04853
-0.197758 -0.808615 1.10421
-0.197758 -0.808615 1.10421
-0.197758 -0.808615 1.10421
-0.197758 -0.808615 1.10421
-0.197758 -0.808615 1.10421
-0.197758 -0.808615 1.10421
-0.197758 -0.808615 1.10421
-0.197758 -0.808615 1.10421
-0.53107 -0.897014 1.04578
-0.53107 -0.897014 1.04578
-0.53107 -0.897014 1.04578
-0.53107 -0.897014 1.04578
-0.53107 -0.897014 1.04578
-0.53107 -0.897014 1.04578
-0.53107 -0.897014 1.04578
-0.53107 -0.897014 1.04578
-0.251218 -0.811898 1.13302
-0.251218 -0.811898 1.13302
-0.251218 -0.811898 1.13302
-0.251218 -0.811898 1.13302
-0.251218 -0.811898 1.13302
-0.251218 -0.811898 1.13302
-0.251218 -0.811898 1.13302
-0.251218 -0.811898 1.13302
-0.528662 -0.480633 1.4723
-0.528662 -0.480633 1.4723
-0.528662 -0.480633 1.4723
-0.528662 -0.480633 1.4723
-0.528662 -0.480633 1.4723
-0.528662 -0.480633 1.4723
-0.528662 -0.480633 1.4723
-0.528662 -0.480633 1.4723
-0.523407 -0.50936 1.45854
-0.523407 -0.50936 1.45854
-0.523407 -0.50936 1.45854
-0.523407 -0.50936 1.45854
-0.523407 -0.50936 1.45854
-0.523407 -0.50936 1.45854
-0.523407 -0.50936 1.45854
-0.523407 -0.50936 1.45854
-0.531525 -0.511145 1.49009
-0.531525 -0.511145 1.49009
-0.531525 -0.511145 1.49009
-0.531525 -0.511145 1.49009
-0.531525 -0.511145 1.49009
-0.531525 -0.511145 1.49009
-0.531525 -0.511145 1.49009
-0.531525 -0.511145 1.49009
-0.559037 -0.457676 1.52824
-0.559037 -0.457676 1.52824
-0.559037 -0.457676 1.52824
-0.559037 -0.457676 1.52824
-0.559037 -0.457676 1.52824
-0.559037 -0.457676 1.52824
-0.559037 -0.457676 1.52824
-0.559037 -0.457676 1.52824
-0.172752 -0.973309 1.09263
-0.172752 -0.973309 1.09263
-0.172752 -0.973309 1.09263
-0.172752 -0.973309 1.09263
-0.172752 -0.973309 1.09263
-0.172752 -0.973309 1.09263
-0.172752 -0.973309 1.09263
-0.172752 -0.973309 1.09263
-0.459898 -0.88626 1.20888
-0.459898 -0.88626 1.20888
-0.459898 -0.88626 1.20888
-0.459898 -0.88626 1.20888
-0.459898 -0.88626 1.20888
-0.459898 -0.88626 1.20888
-0.459898 -0.88626 1.20888
-0.459898 -0.88626 1.20888
-0.546141 -0.583409 1.51772
-0.546141 -0.583409 1.51772
-0.546141 -0.583409 1.51772
-0.546141 -0.583409 1.51772
-0.546141 -0.583409 1.51772
-0.546141 -0.583409 1.51772
-0.546141 -0.583409 1.51772
-0.546141 -0.583409 1.51772
-0.55103 -0.624274 1.50431
-0.55103 -0.624274 1.50431
-0.55103 -0.624274 1.50431
-0.55103 -0.624274 1.50431
-0.55103 -0.624274 1.50431
-0.55103 -0.624274 1.50431
-0.55103 -0.624274 1.50431
-0.55103 -0.624274 1.50431
-0.527996 -0.658164 1.52903
-0.527996 -0.658164 1.52903
-0.527996 -0.658164 1.52903
-0.527996 -0.658164 1.52903
-0.527996 -0.658164 1.52903
-0.527996 -0.658164 1.52903
-0.527996 -0.658164 1.52903
-0.527996 -0.658164 1.52903
-0.568337 -0.35887 1.21194
-0.568337 -0.35887 1.21194
-0.568337 -0.35887 1.21194
-0.568337 -0.35887 1.21194
-0.568337 -0.35887 1.21194
-0.568337 -0.35887 1.21194
-0.568337 -0.35887 1.21194
-0.568337 -0.35887 1.21194
-0.356439 -0.115194 1.14938
-0.356439 -0.115194 1.14938
-0.356439 -0.115194 1.14938
-0.356439 -0.115194 1.14938
-0.356439 -0.115194 1.14938
-0.356439 -0.115194 1.14938
-0.356439 -0.115194 1.14938
-0.356439 -0.115194 1.14938
-0.566865 -0.0606014 1.24496
-0.566865 -0.0606014 1.24496
-0.566865 -0.0606014 1.24496
-0.566865 -0.0606014 1.24496
-0.566865 -0.0606014 1.24496
-0.566865 -0.0606014 1.24496
-0.566865 -0.0606014 1.24496
-0.566865 -0.0606014 1.24496
-0.558514 -0.125993 1.25509
-0.558514 -0.125993 1.25509
-0.558514 -0.125993 1.25509
-0.58162 -0.194942 1.22204
-0.58162 -0.194942 1.22204
-0.58162 -0.194942 1.22204
-0.377083 -0.257516 1.1773
-0.377083 -0.257516 1.1773
-0.377083 -0.257516 1.1773
-0.533659 -0.324354 1.23727
-0.533659 -0.324354 1.23727
-0.533659 -0.324354 1.23727
-0.314848 -0.363404 1.15653
-0.314848 -0.363404 1.15653
-0.314848 -0.363404 1.15653
-0.529589 -0.452771 1.22929
-0.529589 -0.452771 1.22929
-0.529589 -0.452771 1.22929
-0.340788 -0.463258 1.15837
-0.340788 -0.463258 1.15837
-0.340788 -0.463258 1.15837
-0.612777 -0.584901 1.12537
-0.612777 -0.584901 1.12537
-0.612777 -0.584901 1.12537
-0.264423 -0.592978 1.14897
-0.264423 -0.592978 1.14897
-0.264423 -0.592978 1.14897
-0.60357 -0.713689 1.11261
-0.60357 -0.713689 1.11261
-0.60357 -0.713689 1.11261
-0.617819 -0.756385 1.09036
-0.617819 -0.756385 1.09036
-0.617819 -0.756385 1.09036
-0.617819 -0.756385 1.09036
-0.617819 -0.756385 1.09036
-0.617819 -0.756385 1.09036
-0.617819 -0.756385 1.09036
-0.617819 -0.756385 1.09036
-0.64081 -0.301935 1.44755
-0.64081 -0.301935 1.44755
-0.64081 -0.301935 1.44755
-0.64081 -0.301935 1.44755
-0.64081 -0.301935 1.44755
-0.64081 -0.301935 1.44755
-0.64081 -0.301935 1.44755
-0.64081 -0.301935 1.44755
-0.633476 -0.300525 1.47122
-0.633476 -0.300525 1.47122
-0.633476 -0.300525 1.47122
-0.633476 -0.300525 1.47122
-0.633476 -0.300525 1.47122
-0.633476 -0.300525 1.47122
-0.633476 -0.300525 1.47122
-0.633476 -0.300525 1.47122
-0.628834 -0.407177 1.43623
-0.628834 -0.407177 1.43623
-0.628834 -0.407177 1.43623
-0.628834 -0.407177 1.43623
-0.628834 -0.407177 1.43623
-0.628834 -0.407177 1.43623
-0.628834 -0.407177 1.43623
-0.628834 -0.407177 1.43623
-0.606836 -0.520745 1.39844
-0.606836 -0.520745 1.39844
-0.606836 -0.520745 1.39844
-0.606836 -0.520745 1.39844
-0.606836 -0.520745 1.39844
-0.606836 -0.520745 1.39844
-0.606836 -0.520745 1.39844
-0.606836 -0.520745 1.39844
-0.465147 -0.659137 1.33671
-0.465147 -0.659137 1.33671
-0.465147 -0.659137 1.33671
-0.465147 -0.659137 1.33671
-0.465147 -0.659137 1.33671
-0.465147 -0.659137 1.33671
-0.465147 -0.659137 1.33671
-0.465147 -0.659137 1.33671
-0.6056 -0.549929 1.43576
-0.6056 -0.549929 1.43576
-0.6056 -0.549929 1.43576
-0.6056 -0.549929 1.43576
-0.6056 -0.549929 1.43576
-0.6056 -0.549929 1.43576
-0.6056 -0.549929 1.43576
-0.6056 -0.549929 1.43576
-0.709537 -0.908447 0.991452
-0.709537 -0.908447 0.991452
-0.709537 -0.908447 0.991452
-0.709537 -0.908447 0.991452
-0.709537 -0.908447 0.991452
-0.162901 -0.891299 1.14585
-0.162901 -0.891299 1.14585
-0.162901 -0.891299 1.14585
-0.162901 -0.891299 1.14585
-0.162901 -0.891299 1.14585
-0.162901 -0.891299 1.14585
-0.162901 -0.891299 1.14585
-0.162901 -0.891299 1.14585
-0.476043 -0.847896 1.11249
-0.476043 -0.847896 1.11249
-0.476043 -0.847896 1.11249
-0.476043 -0.847896 1.11249
-0.476043 -0.847896 1.11249
-0.476043 -0.847896 1.11249
-0.476043 -0.847896 1.11249
-0.476043 -0.847896 1.11249
-0.45264 -0.858178 1.12673
-0.45264 -0.858178 1.12673
-0.45264 -0.858178 1.12673
-0.45264 -0.858178 1.12673
-0.45264 -0.858178 1.12673
-0.45264 -0.858178 1.12673
-0.45264 -0.858178 1.12673
-0.45264 -0.858178 1.12673
-0.415786 -0.274775 1.14861
-0.415786 -0.274775 1.14861
-0.415786 -0.274775 1.14861
-0.415786 -0.274775 1.14861
-0.415786 -0.274775 1.14861
-0.415786 -0.274775 1.14861
-0.415786 -0.274775 1.14861
-0.415786 -0.274775 1.14861
-0.430241 -0.299743 1.14876
-0.430241 -0.299743 1.14876
-0.430241 -0.299743 1.14876
-0.430241 -0.299743 1.14876
-0.430241 -0.299743 1.14876
-0.430241 -0.299743 1.14876
-0.430241 -0.299743 1.14876
-0.430241 -0.299743 1.14876
-0.481007 0.0757109 1.0945
-0.481007 0.0757109 1.0945
-0.481007 0.0757109 1.0945
-0.481007 0.0757109 1.0945
-0.481007 0.0757109 1.0945
-0.481007 0.0757109 1.0945
-0.481007 0.0757109 1.0945
-0.481007 0.0757109 1.0945
-0.462992 0.0791266 1.11494
-0.462992 0.0791266 1.11494
-0.462992 0.0791266 1.11494
-0.462992 0.0791266 1.11494
-0.462992 0.0791266 1.11494
-0.462992 0.0791266 1.11494
-0.462992 0.0791266 1.11494
-0.462992 0.0791266 1.11494
-0.44765 0.0681072 1.12642
-0.44765 0.0681072 1.12642
-0.44765 0.0681072 1.12642
-0.44765 0.0681072 1.12642
-0.44765 0.0681072 1.12642
-0.44765 0.0681072 1.12642
-0.44765 0.0681072 1.12642
-0.44765 0.0681072 1.12642
-0.445389 -0.334849 1.13945
-0.445389 -0.334849 1.13945
-0.445389 -0.334849 1.13945
-0.445389 -0.334849 1.13945
-0.445389 -0.334849 1.13945
-0.445389 -0.334849 1.13945
-0.445389 -0.334849 1.13945
-0.445389 -0.334849 1.13945
-0.508635 0.0291874 1.11739
-0.508635 0.0291874 1.11739
-0.508635 0.0291874 1.11739
-0.508635 0.0291874 1.11739
-0.508635 0.0291874 1.11739
-0.508635 0.0291874 1.11739
-0.508635 0.0291874 1.11739
-0.508635 0.0291874 1.11739
-0.506739 0.0554527 1.12704
-0.506739 0.0554527 1.12704
-0.506739 0.0554527 1.12704
-0.506739 0.0554527 1.12704
-0.506739 0.0554527 1.12704
-0.506739 0.0554527 1.12704
-0.506739 0.0554527 1.12704
-0.506739 0.0554527 1.12704
-0.193449 -0.0350378 1.15489
-0.193449 -0.0350378 1.15489
-0.193449 -0.0350378 1.15489
-0.193449 -0.0350378 1.15489
-0.193449 -0.0350378 1.15489
-0.193449 -0.0350378 1.15489
-0.193449 -0.0350378 1.15489
-0.193449 -0.0350378 1.15489
-0.545942 0.0655707 1.13505
-0.545942 0.0655707 1.13505
-0.545942 0.0655707 1.13505
-0.545942 0.0655707 1.13505
-0.545942 0.0655707 1.13505
-0.545942 0.0655707 1.13505
-0.545942 0.0655707 1.13505
-0.545942 0.0655707 1.13505
-0.483307 0.0458756 1.19805
-0.483307 0.0458756 1.19805
-0.483307 0.0458756 1.19805
-0.483307 0.0458756 1.19805
-0.483307 0.0458756 1.19805
-0.483307 0.0458756 1.19805
-0.483307 0.0458756 1.19805
-0.483307 0.0458756 1.19805
-0.547129 -0.380659 1.19022
-0.547129 -0.380659 1.19022
-0.547129 -0.380659 1.19022
-0.547129 -0.380659 1.19022
-0.547129 -0.380659 1.19022
-0.547129 -0.380659 1.19022
-0.547129 -0.380659 1.19022
-0.547129 -0.380659 1.19022
-0.558621 0.100494 1.1934
-0.558621 0.100494 1.1934
-0.558621 0.100494 1.1934
-0.558621 0.100494 1.1934
-0.558621 0.100494 1.1934
-0.558621 0.100494 1.1934
-0.558621 0.100494 1.1934
-0.558621 0.100494 1.1934
-0.349683 -0.0191028 1.17863
-0.349683 -0.0191028 1.17863
-0.349683 -0.0191028 1.17863
-0.349683 -0.0191028 1.17863
-0.349683 -0.0191028 1.17863
-0.349683 -0.0191028 1.17863
-0.349683 -0.0191028 1.17863
-0.349683 -0.0191028 1.17863
-0.538118 0.14511 1.26972
-0.538118 0.14511 1.26972
-0.538118 0.14511 1.26972
-0.538118 0.14511 1.26972
-0.538118 0.14511 1.26972
-0.538118 0.14511 1.26972
-0.538118 0.14511 1.26972
-0.538118 0.14511 1.26972
-0.456941 -0.186179 1.16095
-0.456941 -0.186179 1.16095
-0.456941 -0.186179 1.16095
-0.456941 -0.186179 1.16095
-0.456941 -0.186179 1.16095
-0.456941 -0.186179 1.16095
-0.456941 -0.186179 1.16095
-0.456941 -0.186179 1.16095
-0.652561 -0.403927 1.26095
-0.652561 -0.403927 1.26095
-0.652561 -0.403927 1.26095
-0.652561 -0.403927 1.26095
-0.652561 -0.403927 1.26095
-0.652561 -0.403927 1.26095
-0.652561 -0.403927 1.26095
-0.652561 -0.403927 1.26095
-0.614291 0.140524 1.29163
-0.614291 0.140524 1.29163
-0.614291 0.140524 1.29163
-0.614291 0.140524 1.29163
-0.614291 0.140524 1.29163
-0.614291 0.140524 1.29163
-0.614291 0.140524 1.29163
-0.614291 0.140524 1.29163
-0.686284 -0.0747903 1.21656
-0.686284 -0.0747903 1.21656
-0.686284 -0.0747903 1.21656
-0.686284 -0.0747903 1.21656
-0.686284 -0.0747903 1.21656
-0.686284 -0.0747903 1.21656
-0.686284 -0.0747903 1.21656
-0.686284 -0.0747903 1.21656
-0.608955 0.197755 1.36459
-0.608955 0.197755 1.36459
-0.608955 0.197755 1.36459
-0.608955 0.197755 1.36459
-0.608955 0.197755 1.36459
-0.608955 0.197755 1.36459
-0.608955 0.197755 1.36459
-0.608955 0.197755 1.36459
-0.671435 0.205656 1.36079
-0.671435 0.205656 1.36079
-0.671435 0.205656 1.36079
-0.671435 0.205656 1.36079
-0.671435 0.205656 1.36079
-0.671435 0.205656 1.36079
-0.671435 0.205656 1.36079
-0.671435 0.205656 1.36079
-0.693797 0.224803 1.38491
-0.693797 0.224803 1.38491
-0.693797 0.224803 1.38491
-0.693797 0.224803 1.38491
-0.693797 0.224803 1.38491
-0.736234 0.226757 1.39561
-0.736234 0.226757 1.39561
-0.736234 0.226757 1.39561
-0.736234 0.226757 1.39561
-0.736234 0.226757 1.39561
-0.838488 -0.300823 1.36468
-0.838488 -0.300823 1.36468
-0.838488 -0.300823 1.36468
-0.838488 -0.300823 1.36468
-0.838488 -0.300823 1.36468
-1.22655 -0.0967547 0.9744
-1.22655 -0.0967547 0.9744
-1.22655 -0.0967547 0.9744
-1.22655 -0.0967547 0.9744
-1.22655 -0.0967547 0.9744
-1.22655 -0.0967547 0.9744
-1.22655 -0.0967547 0.9744
-1.22655 -0.0967547 0.9744
-1.49229 -0.224725 1.22255
-1.49229 -0.224725 1.22255
-1.49229 -0.224725 1.22255
-1.49229 -0.224725 1.22255
-1.49229 -0.224725 1.22255
-1.49229 -0.224725 1.22255
-1.49229 -0.224725 1.22255
-1.49229 -0.224725 1.22255
-1.19764 0.139293 1.18816
-1.19764 0.139293 1.18816
-1.19764 0.139293 1.18816
-1.19764 0.139293 1.18816
-1.19764 0.139293 1.18816
-1.19764 0.139293 1.18816
-1.19764 0.139293 1.18816
-1.19764 0.139293 1.18816
-0.526666 0.344657 1.28035
-0.526666 0.344657 1.28035
-0.526666 0.344657 1.28035
-0.526666 0.344657 1.28035
-0.526666 0.344657 1.28035
-0.526666 0.344657 1.28035
-0.526666 0.344657 1.28035
-0.526666 0.344657 1.28035
-0.546594 0.347469 1.35539
-0.546594 0.347469 1.35539
-0.546594 0.347469 1.35539
-0.546594 0.347469 1.35539
-0.546594 0.347469 1.35539
-0.546594 0.347469 1.35539
-0.546594 0.347469 1.35539
-0.546594 0.347469 1.35539
-0.605991 -0.102128 1.27326
-0.605991 -0.102128 1.27326
-0.605991 -0.102128 1.27326
-0.605991 -0.102128 1.27326
-0.605991 -0.102128 1.27326
-0.605991 -0.102128 1.27326
-0.605991 -0.102128 1.27326
-0.605991 -0.102128 1.27326
-1.14686 -0.0940066 1.01436
-1.14686 -0.0940066 1.01436
-1.14686 -0.0940066 1.01436
-1.14686 -0.0940066 1.01436
-1.14686 -0.0940066 1.01436
-1.14686 -0.0940066 1.01436
-1.14686 -0.0940066 1.01436
-1.14686 -0.0940066 1.01436
-1.14686 -0.0940066 1.01436
-1.14686 -0.0940066 1.01436
-1.14686 -0.0940066 1.01436
-1.20818 0.0164686 0.894405
-1.20818 0.0164686 0.894405
-1.20818 0.0164686 0.894405
-1.20818 0.0164686 0.894405
-1.20818 0.0164686 0.894405
-1.20818 0.0164686 0.894405
-1.20818 0.0164686 0.894405
-1.20818 0.0164686 0.894405
-1.20818 0.0164686 0.894405
-1.20818 0.0164686 0.894405
-1.20818 0.0164686 0.894405
-0.677096 0.278454 1.51
-0.677096 0.278454 1.51
-0.677096 0.278454 1.51
-0.677096 0.278454 1.51
-0.677096 0.278454 1.51
-0.677096 0.278454 1.51
-0.677096 0.278454 1.51
-0.677096 0.278454 1.51
-0.677096 0.278454 1.51
-0.677096 0.278454 1.51
-0.677096 0.278454 1.51
-0.833901 -0.353711 1.2518
-0.833901 -0.353711 1.2518
-0.833901 -0.353711 1.2518
-0.833901 -0.353711 1.2518
-0.833901 -0.353711 1.2518
-0.833901 -0.353711 1.2518
-0.833901 -0.353711 1.2518
-0.833901 -0.353711 1.2518
-0.833901 -0.353711 1.2518
-0.833901 -0.353711 1.2518
-0.833901 -0.353711 1.2518
-0.285281 -0.349134 1.25122
-0.285281 -0.349134 1.25122
-0.285281 -0.349134 1.25122
-0.285281 -0.349134 1.25122
-0.285281 -0.349134 1.25122
-0.285281 -0.349134 1.25122
-0.285281 -0.349134 1.25122
-0.285281 -0.349134 1.25122
-0.367457 0.0124729 1.2028
-0.367457 0.0124729 1.2028
-0.367457 0.0124729 1.2028
-0.367457 0.0124729 1.2028
-0.367457 0.0124729 1.2028
-0.367457 0.0124729 1.2028
-0.367457 0.0124729 1.2028
-0.367457 0.0124729 1.2028
-0.458284 0.0574633 1.22639
-0.458284 0.0574633 1.22639
-0.458284 0.0574633 1.22639
-0.458284 0.0574633 1.22639
-0.458284 0.0574633 1.22639
-0.458284 0.0574633 1.22639
-0.458284 0.0574633 1.22639
-0.458284 0.0574633 1.22639
-0.513006 0.0261393 1.19617
-0.513006 0.0261393 1.19617
-0.513006 0.0261393 1.19617
-0.513006 0.0261393 1.19617
-0.513006 0.0261393 1.19617
-0.513006 0.0261393 1.19617
-0.513006 0.0261393 1.19617
-0.513006 0.0261393 1.19617
-0.39875 -0.394291 1.28244
-0.39875 -0.394291 1.28244
-0.39875 -0.394291 1.28244
-0.39875 -0.394291 1.28244
-0.39875 -0.394291 1.28244
-0.39875 -0.394291 1.28244
-0.39875 -0.394291 1.28244
-0.39875 -0.394291 1.28244
-0.429011 -0.38379 1.28278
-0.429011 -0.38379 1.28278
-0.429011 -0.38379 1.28278
-0.429011 -0.38379 1.28278
-0.429011 -0.38379 1.28278
-0.429011 -0.38379 1.28278
-0.429011 -0.38379 1.28278
-0.429011 -0.38379 1.28278
-0.264055 -0.113582 1.29722
-0.264055 -0.113582 1.29722
-0.264055 -0.113582 1.29722
-0.264055 -0.113582 1.29722
-0.264055 -0.113582 1.29722
-0.264055 -0.113582 1.29722
-0.264055 -0.113582 1.29722
-0.264055 -0.113582 1.29722
-0.279011 -0.0969962 1.28919
-0.279011 -0.0969962 1.28919
-0.279011 -0.0969962 1.28919
-0.279011 -0.0969962 1.28919
-0.279011 -0.0969962 1.28919
-0.279011 -0.0969962 1.28919
-0.279011 -0.0969962 1.28919
-0.279011 -0.0969962 1.28919
-0.539868 0.119523 1.19711
-0.539868 0.119523 1.19711
-0.539868 0.119523 1.19711
-0.539868 0.119523 1.19711
-0.539868 0.119523 1.19711
-0.539868 0.119523 1.19711
-0.539868 0.119523 1.19711
-0.539868 0.119523 1.19711
-0.445996 -0.32054 1.28837
-0.445996 -0.32054 1.28837
-0.445996 -0.32054 1.28837
-0.445996 -0.32054 1.28837
-0.445996 -0.32054 1.28837
-0.445996 -0.32054 1.28837
-0.445996 -0.32054 1.28837
-0.445996 -0.32054 1.28837
-0.482239 0.196953 1.23162
-0.482239 0.196953 1.23162
-0.482239 0.196953 1.23162
-0.482239 0.196953 1.23162
-0.482239 0.196953 1.23162
-0.482239 0.196953 1.23162
-0.482239 0.196953 1.23162
-0.482239 0.196953 1.23162
-0.293418 0.0189742 1.27982
-0.293418 0.0189742 1.27982
-0.293418 0.0189742 1.27982
-0.293418 0.0189742 1.27982
-0.293418 0.0189742 1.27982
-0.293418 0.0189742 1.27982
-0.293418 0.0189742 1.27982
-0.293418 0.0189742 1.27982
-0.479479 0.369823 1.20122
-0.479479 0.369823 1.20122
-0.479479 0.369823 1.20122
-0.479479 0.369823 1.20122
-0.479479 0.369823 1.20122
-0.479479 0.369823 1.20122
-0.479479 0.369823 1.20122
-0.479479 0.369823 1.20122
-0.454041 0.393011 1.212
-0.454041 0.393011 1.212
-0.454041 0.393011 1.212
-0.454041 0.393011 1.212
-0.454041 0.393011 1.212
-0.454041 0.393011 1.212
-0.454041 0.393011 1.212
-0.454041 0.393011 1.212
-0.433078 0.438146 1.20904
-0.433078 0.438146 1.20904
-0.433078 0.438146 1.20904
-0.433078 0.438146 1.20904
-0.433078 0.438146 1.20904
-0.433078 0.438146 1.20904
-0.433078 0.438146 1.20904
-0.433078 0.438146 1.20904
-0.106936 0.441215 1.23363
-0.106936 0.441215 1.23363
-0.106936 0.441215 1.23363
-0.106936 0.441215 1.23363
-0.106936 0.441215 1.23363
-0.106936 0.441215 1.23363
-0.106936 0.441215 1.23363
-0.106936 0.441215 1.23363
-0.07195 0.205243 1.226
-0.07195 0.205243 1.226
-0.07195 0.205243 1.226
-0.07195 0.205243 1.226
-0.07195 0.205243 1.226
-0.07195 0.205243 1.226
-0.07195 0.205243 1.226
-0.07195 0.205243 1.226
-0.43997 0.180464 1.24509
-0.43997 0.180464 1.24509
-0.43997 0.180464 1.24509
-0.43997 0.180464 1.24509
-0.43997 0.180464 1.24509
-0.43997 0.180464 1.24509
-0.43997 0.180464 1.24509
-0.43997 0.180464 1.24509
-0.452441 0.641187 1.15052
-0.452441 0.641187 1.15052
-0.452441 0.641187 1.15052
-0.452441 0.641187 1.15052
-0.452441 0.641187 1.15052
-0.452441 0.641187 1.15052
-0.452441 0.641187 1.15052
-0.452441 0.641187 1.15052
-0.479191 0.289988 1.20356
-0.479191 0.289988 1.20356
-0.479191 0.289988 1.20356
-0.508106 0.344908 1.16806
-0.508106 0.344908 1.16806
-0.508106 0.344908 1.16806
-0.500614 0.403702 1.15404
-0.500614 0.403702 1.15404
-0.500614 0.403702 1.15404
-0.494551 0.45775 1.15165
-0.494551 0.45775 1.15165
-0.494551 0.45775 1.15165
-0.517921 0.50339 1.11769
-0.517921 0.50339 1.11769
-0.517921 0.50339 1.11769
-0.0760645 0.556993 1.1352
-0.0760645 0.556993 1.1352
-0.0760645 0.556993 1.1352
-0.493745 0.618379 1.09959
-0.493745 0.618379 1.09959
-0.493745 0.618379 1.09959
-0.565497 0.659612 1.02863
-0.565497 0.659612 1.02863
-0.565497 0.659612 1.02863
-0.119682 0.690154 1.11091
-0.119682 0.690154 1.11091
-0.119682 0.690154 1.11091
-0.557596 0.735646 1.04064
-0.557596 0.735646 1.04064
-0.557596 0.735646 1.04064
-0.566052 0.815317 0.995739
-0.566052 0.815317 0.995739
-0.566052 0.815317 0.995739
-0.566052 0.815317 0.995739
-0.566052 0.815317 0.995739
-0.566052 0.815317 0.995739
-0.566052 0.815317 0.995739
-0.566052 0.815317 0.995739
-0.10541 0.836318 1.04382
-0.10541 0.836318 1.04382
-0.10541 0.836318 1.04382
-0.10541 0.836318 1.04382
-0.10541 0.836318 1.04382
-0.10541 0.836318 1.04382
-0.10541 0.836318 1.04382
-0.10541 0.836318 1.04382
-0.550181 0.913966 0.984356
-0.550181 0.913966 0.984356
-0.550181 0.913966 0.984356
-0.550181 0.913966 0.984356
-0.550181 0.913966 0.984356
-0.550181 0.913966 0.984356
-0.550181 0.913966 0.984356
-0.550181 0.913966 0.984356
-0.446149 0.774213 1.19282
-0.446149 0.774213 1.19282
-0.446149 0.774213 1.19282
-0.446149 0.774213 1.19282
-0.446149 0.774213 1.19282
-0.446149 0.774213 1.19282
-0.446149 0.774213 1.19282
-0.446149 0.774213 1.19282
-0.21423 0.947023 1.04744
-0.21423 0.947023 1.04744
-0.21423 0.947023 1.04744
-0.21423 0.947023 1.04744
-0.21423 0.947023 1.04744
-0.21423 0.947023 1.04744
-0.21423 0.947023 1.04744
-0.21423 0.947023 1.04744
-0.571247 0.998334 0.968094
-0.571247 0.998334 0.968094
-0.571247 0.998334 0.968094
-0.571247 0.998334 0.968094
-0.571247 0.998334 0.968094
-0.571247 0.998334 0.968094
-0.571247 0.998334 0.968094
-0.571247 0.998334 0.968094
-0.162499 1.02443 1.00823
-0.162499 1.02443 1.00823
-0.162499 1.02443 1.00823
-0.162499 1.02443 1.00823
-0.162499 1.02443 1.00823
-0.162499 1.02443 1.00823
-0.162499 1.02443 1.00823
-0.162499 1.02443 1.00823
-0.546964 1.11091 0.927079
-0.546964 1.11091 0.927079
-0.546964 1.11091 0.927079
-0.546964 1.11091 0.927079
-0.546964 1.11091 0.927079
-0.546964 1.11091 0.927079
-0.546964 1.11091 0.927079
-0.546964 1.11091 0.927079
-0.584644 1.15154 0.864057
-0.584644 1.15154 0.864057
-0.584644 1.15154 0.864057
-0.584644 1.15154 0.864057
-0.584644 1.15154 0.864057
-0.584644 1.15154 0.864057
-0.584644 1.15154 0.864057
-0.584644 1.15154 0.864057
-0.561521 1.17276 0.912066
-0.561521 1.17276 0.912066
-0.561521 1.17276 0.912066
-0.561521 1.17276 0.912066
-0.561521 1.17276 0.912066
-0.561521 1.17276 0.912066
-0.561521 1.17276 0.912066
-0.561521 1.17276 0.912066
-0.536451 1.20396 0.93178
-0.536451 1.20396 0.93178
-0.536451 1.20396 0.93178
-0.536451 1.20396 0.93178
-0.536451 1.20396 0.93178
-0.536451 1.20396 0.93178
-0.536451 1.20396 0.93178
-0.536451 1.20396 0.93178
-0.568535 0.89927 1.26857
-0.568535 0.89927 1.26857
-0.568535 0.89927 1.26857
-0.568535 0.89927 1.26857
-0.568535 0.89927 1.26857
-0.568535 0.89927 1.26857
-0.568535 0.89927 1.26857
-0.568535 0.89927 1.26857
-0.220656 1.23977 0.957371
-0.220656 1.23977 0.957371
-0.220656 1.23977 0.957371
-0.220656 1.23977 0.957371
-0.220656 1.23977 0.957371
-0.220656 1.23977 0.957371
-0.220656 1.23977 0.957371
-0.220656 1.23977 0.957371
-0.555746 1.27223 0.899863
-0.555746 1.27223 0.899863
-0.555746 1.27223 0.899863
-0.555746 1.27223 0.899863
-0.555746 1.27223 0.899863
-0.555746 1.27223 0.899863
-0.555746 1.27223 0.899863
-0.555746 1.27223 0.899863
-0.564196 1.02006 1.2229
-0.564196 1.02006 1.2229
-0.564196 1.02006 1.2229
-0.549208 1.05651 1.22284
-0.549208 1.05651 1.22284
-0.549208 1.05651 1.22284
-0.578556 1.09125 1.17347
-0.578556 1.09125 1.17347
-0.578556 1.09125 1.17347
-0.610782 1.12447 1.15251
-0.610782 1.12447 1.15251
-0.610782 1.12447 1.15251
-0.447918 1.28857 0.929381
-0.447918 1.28857 0.929381
-0.447918 1.28857 0.929381
-0.41656 1.32302 0.971747
-0.41656 1.32302 0.971747
-0.41656 1.32302 0.971747
-0.420447 1.34809 0.951328
-0.420447 1.34809 0.951328
-0.420447 1.34809 0.951328
-0.0198907 1.43096 0.998626
-0.0198907 1.43096 0.998626
-0.0198907 1.43096 0.998626
-0.401384 1.46597 0.994562
-0.401384 1.46597 0.994562
-0.401384 1.46597 0.994562
-0.372975 1.4991 1.025
-0.372975 1.4991 1.025
-0.372975 1.4991 1.025
0.00129896 1.52332 0.997413
0.00129896 1.52332 0.997413
0.00129896 1.52332 0.997413
-0.392952 1.56224 1.01197
-0.392952 1.56224 1.01197
-0.392952 1.56224 1.01197
-0.412844 1.58543 0.988872
-0.412844 1.58543 0.988872
-0.412844 1.58543 0.988872
-0.0341458 1.60202 1.00634
-0.0341458 1.60202 1.00634
-0.0341458 1.60202 1.00634
-0.386633 1.65368 1.02028
-0.386633 1.65368 1.02028
-0.386633 1.65368 1.02028
-0.373431 1.68267 1.03173
-0.373431 1.68267 1.03173
-0.373431 1.68267 1.03173
-0.374453 1.70224 1.0352
-0.374453 1.70224 1.0352
-0.374453 1.70224 1.0352
-0.0228954 1.69566 1.02122
-0.0228954 1.69566 1.02122
-0.0228954 1.69566 1.02122
-0.365882 1.74035 1.05499
-0.365882 1.74035 1.05499
-0.365882 1.74035 1.05499
-0.562593 1.95529 0.639872
-0.562593 1.95529 0.639872
-0.562593 1.95529 0.639872
-0.369363 1.75684 1.0374
-0.369363 1.75684 1.0374
-0.369363 1.75684 1.0374
-0.00811274 1.72484 1.02336
-0.00811274 1.72484 1.02336
-0.00811274 1.72484 1.02336
-0.331707 1.76344 1.04728
-0.331707 1.76344 1.04728
-0.331707 1.76344 1.04728
-0.344927 1.74927 1.027
-0.344927 1.74927 1.027
-0.324309 1.7533 1.03712
-0.324309 1.7533 1.03712
-0.31751 1.72649 1.01159
-0.31751 1.72649 1.01159
0.30709 2.02565 0.730251
0.30709 2.02565 0.730251
-0.260847 1.73851 1.04158
-0.260847 1.73851 1.04158
-0.227941 1.72538 1.04616
-0.227941 1.72538 1.04616
-0.219185 1.71978 1.02036
-0.219185 1.71978 1.02036
0.221596 1.72482 1.01398
0.221596 1.72482 1.01398
-0.106684 1.7003 1.04235
-0.106684 1.7003 1.04235
-0.0323666 1.69323 1.07
-0.0323666 1.69323 1.07
-0.0248487 1.68995 1.05986
-0.0248487 1.68995 1.05986
0.411315 1.69566 0.992192
0.411315 1.69566 0.992192
0.0133583 1.66576 1.06787
0.0133583 1.66576 1.06787
0.0384288 1.64088 1.06144
0.0384288 1.64088 1.06144
0.455456 1.64312 1.01215
0.455456 1.64312 1.01215
0.455456 1.64312 1.01215
0.490946 1.63687 1.02655
0.490946 1.63687 1.02655
0.490946 1.63687 1.02655
0.510486 1.61778 1.03023
0.510486 1.61778 1.03023
0.510486 1.61778 1.03023
0.524074 1.59944 1.02993
0.524074 1.59944 1.02993
0.524074 1.59944 1.02993
0.665297 1.58073 0.883785
0.665297 1.58073 0.883785
0.665297 1.58073 0.883785
0.52498 1.55835 1.07939
0.52498 1.55835 1.07939
0.52498 1.55835 1.07939
0.494102 1.54136 1.11317
0.494102 1.54136 1.11317
0.494102 1.54136 1.11317
0.751084 1.55213 0.858363
0.751084 1.55213 0.858363
0.751084 1.55213 0.858363
0.516678 1.52346 1.14333
0.516678 1.52346 1.14333
0.516678 1.52346 1.14333
0.534489 1.51426 1.1536
0.534489 1.51426 1.1536
0.534489 1.51426 1.1536
0.484152 1.52043 1.20255
0.484152 1.52043 1.20255
0.484152 1.52043 1.20255
0.871977 1.56396 0.813667
0.871977 1.56396 0.813667
0.871977 1.56396 0.813667
0.878956 1.55497 0.83538
0.878956 1.55497 0.83538
0.878956 1.55497 0.83538
0.553715 1.53728 1.21764
0.553715 1.53728 1.21764
0.553715 1.53728 1.21764
0.541129 1.52835 1.24169
0.541129 1.52835 1.24169
0.541129 1.52835 1.24169
0.559489 1.54759 1.25025
0.559489 1.54759 1.25025
0.559489 1.54759 1.25025
0.565554 1.55771 1.26183
0.565554 1.55771 1.26183
0.565554 1.55771 1.26183
0.595592 1.55392 1.2598
0.595592 1.55392 1.2598
0.595592 1.55392 1.2598
1.02881 1.56288 0.758239
1.02881 1.56288 0.758239
1.05994 1.57 0.747668
1.05994 1.57 0.747668
0.629549 1.57631 1.29426
0.629549 1.57631 1.29426
0.66072 1.58464 1.29728
0.66072 1.58464 1.29728
0.708533 1.58084 1.27881
0.708533 1.58084 1.27881
0.816798 1.5925 0.999224
0.816798 1.5925 0.999224
0.281337 1.63926 1.00415
0.281337 1.63926 1.00415
-0.112764 1.63293 1.03104
-0.112764 1.63293 1.03104
-0.0825467 1.63795 1.02439
-0.0825467 1.63795 1.02439
0.352957 1.68747 1.01739
0.352957 1.68747 1.01739
0.375888 1.70082 1.00932
0.375888 1.70082 1.00932
0.0298875 1.69147 1.04454
0.0298875 1.69147 1.04454
0.394977 1.74517 1.04691
0.394977 1.74517 1.04691
0.394977 1.74517 1.04691
0.432652 1.75053 1.03381
0.432652 1.75053 1.03381
0.432652 1.75053 1.03381
0.434157 1.76295 1.06184
0.434157 1.76295 1.06184
0.434157 1.76295 1.06184
0.472244 1.74905 1.04063
0.472244 1.74905 1.04063
0.472244 1.74905 1.04063
0.4691 1.73272 1.05888
0.4691 1.73272 1.05888
0.4691 1.73272 1.05888
0.469952 1.74389 1.08332
0.469952 1.74389 1.08332
0.469952 1.74389 1.08332
0.479408 1.73909 1.09775
0.479408 1.73909 1.09775
0.479408 1.73909 1.09775
0.523566 1.72098 1.07317
0.523566 1.72098 1.07317
0.523566 1.72098 1.07317
0.486979 1.71633 1.12208
0.486979 1.71633 1.12208
0.486979 1.71633 1.12208
0.499222 1.72089 1.13362
0.499222 1.72089 1.13362
0.499222 1.72089 1.13362
0.521418 1.71373 1.13143
0.521418 1.71373 1.13143
0.521418 1.71373 1.13143
0.516883 1.70785 1.16203
0.516883 1.70785 1.16203
0.516883 1.70785 1.16203
0.537383 1.66895 1.0085
0.537383 1.66895 1.0085
0.537383 1.66895 1.0085
0.57815 1.65818 1.02636
0.57815 1.65818 1.02636
0.57815 1.65818 1.02636
0.596135 1.60797 0.999024
0.596135 1.60797 0.999024
0.596135 1.60797 0.999024
0.472644 1.54588 0.780962
0.472644 1.54588 0.780962
0.61968 1.5545 0.982499
0.61968 1.5545 0.982499
0.607136 1.5361 0.975111
0.607136 1.5361 0.975111
0.607055 1.50094 0.962789
0.607055 1.50094 0.962789
0.0370227 1.48727 1.01201
0.0370227 1.48727 1.01201
-0.0089248 1.44226 0.976987
-0.0089248 1.44226 0.976987
-0.370904 1.41136 0.948559
-0.370904 1.41136 0.948559
-0.378487 1.38476 0.939814
-0.378487 1.38476 0.939814
-0.37597 1.35512 0.921267
-0.37597 1.35512 0.921267
-0.394281 1.33394 0.908856
-0.394281 1.33394 0.908856
-0.0293236 1.3128 0.978976
-0.0293236 1.3128 0.978976
-0.401768 1.21821 0.874611
-0.401768 1.21821 0.874611
-0.399669 1.19306 0.889353
-0.399669 1.19306 0.889353
0.0423545 1.18438 0.924998
0.0423545 1.18438 0.924998
-0.387187 1.13337 0.866024
-0.387187 1.13337 0.866024
0.0317111 1.12505 0.904816
0.0317111 1.12505 0.904816
-0.376371 1.06908 0.854521
-0.376371 1.06908 0.854521
-0.400915 1.06298 0.834948
-0.400915 1.06298 0.834948
-0.37874 1.02124 0.829918
-0.37874 1.02124 0.829918
-0.3636 0.979398 0.833277
-0.3636 0.979398 0.833277
-0.3636 0.979398 0.833277
-0.3636 0.979398 0.833277
-0.3636 0.979398 0.833277
-0.3636 0.979398 0.833277
-0.3636 0.979398 0.833277
-0.3636 0.979398 0.833277
-0.169752 1.04823 1.06276
-0.169752 1.04823 1.06276
-0.169752 1.04823 1.06276
-0.169752 1.04823 1.06276
-0.169752 1.04823 1.06276
-0.169752 1.04823 1.06276
-0.169752 1.04823 1.06276
-0.169752 1.04823 1.06276
-0.262512 1.23938 1.29798
-0.262512 1.23938 1.29798
-0.262512 1.23938 1.29798
-0.262512 1.23938 1.29798
-0.262512 1.23938 1.29798
-0.262512 1.23938 1.29798
-0.262512 1.23938 1.29798
-0.262512 1.23938 1.29798
-0.142326 1.12486 1.20246
-0.142326 1.12486 1.20246
-0.142326 1.12486 1.20246
-0.142326 1.12486 1.20246
-0.142326 1.12486 1.20246
-0.142326 1.12486 1.20246
-0.142326 1.12486 1.20246
-0.142326 1.12486 1.20246
-0.278106 1.18483 1.30534
-0.278106 1.18483 1.30534
-0.278106 1.18483 1.30534
-0.278106 1.18483 1.30534
-0.278106 1.18483 1.30534
-0.278106 1.18483 1.30534
-0.278106 1.18483 1.30534
-0.278106 1.18483 1.30534
-0.158766 1.01429 1.13281
-0.158766 1.01429 1.13281
-0.158766 1.01429 1.13281
-0.158766 1.01429 1.13281
-0.158766 1.01429 1.13281
-0.158766 1.01429 1.13281
-0.158766 1.01429 1.13281
-0.158766 1.01429 1.13281
-0.453441 0.974182 1.07585
-0.453441 0.974182 1.07585
-0.453441 0.974182 1.07585
-0.430723 0.930463 1.0914
-0.430723 0.930463 1.0914
-0.430723 0.930463 1.0914
-0.486685 0.877486 1.06126
-0.486685 0.877486 1.06126
-0.486685 0.877486 1.06126
-0.475327 0.833608 1.08509
-0.475327 0.833608 1.08509
-0.475327 0.833608 1.08509
-0.529459 0.68045 1.17451
-0.529459 0.68045 1.17451
-0.529459 0.68045 1.17451
-0.529459 0.68045 1.17451
-0.247081 0.571956 0.814522
-0.247081 0.571956 0.814522
-0.247081 0.571956 0.814522
-0.270179 0.531657 0.831155
-0.270179 0.531657 0.831155
-0.270179 0.531657 0.831155
-0.517587 0.505052 1.12867
-0.517587 0.505052 1.12867
-0.517587 0.505052 1.12867
-0.60245 0.443545 1.16596
-0.60245 0.443545 1.16596
-0.60245 0.443545 1.16596
-0.556086 0.365237 1.11221
-0.556086 0.365237 1.11221
-0.556086 0.365237 1.11221
-0.277879 0.379923 0.825062
-0.277879 0.379923 0.825062
-0.277879 0.379923 0.825062
0.417657 0.219648 1.0776
0.417657 0.219648 1.0776
0.417657 0.219648 1.0776
0.419864 0.176912 1.07182
0.419864 0.176912 1.07182
0.419864 0.176912 1.07182
0.427817 0.128623 1.05035
0.427817 0.128623 1.05035
0.427817 0.128623 1.05035
0.427817 0.128623 1.05035
0.699379 0.211941 0.866602
0.699379 0.211941 0.866602
0.699379 0.211941 0.866602
0.747129 0.187746 0.794478
0.747129 0.187746 0.794478
0.747129 0.187746 0.794478
0.464233 -0.0220638 1.00033
0.464233 -0.0220638 1.00033
0.464233 -0.0220638 1.00033
0.464233 -0.0220638 1.00033
0.464233 -0.0220638 1.00033
0.464233 -0.0220638 1.00033
0.464233 -0.0220638 1.00033
0.464233 -0.0220638 1.00033
0.56525 0.130231 1.10074
0.56525 0.130231 1.10074
0.56525 0.130231 1.10074
0.56525 0.130231 1.10074
0.56525 0.130231 1.10074
0.56525 0.130231 1.10074
0.56525 0.130231 1.10074
0.56525 0.130231 1.10074
0.56139 0.101405 1.08753
0.56139 0.101405 1.08753
0.56139 0.101405 1.08753
0.56139 0.101405 1.08753
0.56139 0.101405 1.08753
0.56139 0.101405 1.08753
0.56139 0.101405 1.08753
0.56139 0.101405 1.08753
0.485296 -0.129495 0.972359
0.485296 -0.129495 0.972359
0.485296 -0.129495 0.972359
0.485296 -0.129495 0.972359
0.485296 -0.129495 0.972359
0.485296 -0.129495 0.972359
0.485296 -0.129495 0.972359
0.485296 -0.129495 0.972359
0.519769 0.101757 1.152
0.519769 0.101757 1.152
0.519769 0.101757 1.152
0.519769 0.101757 1.152
0.519769 0.101757 1.152
0.519769 0.101757 1.152
0.519769 0.101757 1.152
0.519769 0.101757 1.152
0.540185 0.0770692 1.16531
0.540185 0.0770692 1.16531
0.540185 0.0770692 1.16531
0.540185 0.0770692 1.16531
0.540185 0.0770692 1.16531
0.540185 0.0770692 1.16531
0.540185 0.0770692 1.16531
0.540185 0.0770692 1.16531
0.563559 -0.379995 1.27626
0.563559 -0.379995 1.27626
0.563559 -0.379995 1.27626
0.563559 -0.379995 1.27626
0.563559 -0.379995 1.27626
0.563559 -0.379995 1.27626
0.563559 -0.379995 1.27626
0.563559 -0.379995 1.27626
0.575111 -0.410467 1.27488
0.575111 -0.410467 1.27488
0.575111 -0.410467 1.27488
0.575111 -0.410467 1.27488
0.575111 -0.410467 1.27488
0.575111 -0.410467 1.27488
0.575111 -0.410467 1.27488
0.575111 -0.410467 1.27488
0.490635 0.133727 1.3353
0.490635 0.133727 1.3353
0.490635 0.133727 1.3353
0.490635 0.133727 1.3353
0.490635 0.133727 1.3353
0.490635 0.133727 1.3353
0.490635 0.133727 1.3353
0.490635 0.133727 1.3353
0.862461 -0.0894071 0.93218
0.862461 -0.0894071 0.93218
0.862461 -0.0894071 0.93218
0.862461 -0.0894071 0.93218
0.862461 -0.0894071 0.93218
0.862461 -0.0894071 0.93218
0.862461 -0.0894071 0.93218
0.862461 -0.0894071 0.93218
0.566091 -0.43153 1.29824
0.566091 -0.43153 1.29824
0.566091 -0.43153 1.29824
0.566091 -0.43153 1.29824
0.566091 -0.43153 1.29824
0.566091 -0.43153 1.29824
0.566091 -0.43153 1.29824
0.566091 -0.43153 1.29824
0.566091 -0.43153 1.29824
0.566091 -0.43153 1.29824
0.566091 -0.43153 1.29824
0.502876 0.0678301 1.34423
0.502876 0.0678301 1.34423
0.502876 0.0678301 1.34423
0.502876 0.0678301 1.34423
0.502876 0.0678301 1.34423
0.521284 0.084209 1.34089
0.521284 0.084209 1.34089
0.521284 0.084209 1.34089
0.521284 0.084209 1.34089
0.521284 0.084209 1.34089
0.521284 0.084209 1.34089
0.521284 0.084209 1.34089
0.521284 0.084209 1.34089
0.486942 0.064074 1.34384
0.486942 0.064074 1.34384
0.486942 0.064074 1.34384
0.486942 0.064074 1.34384
0.486942 0.064074 1.34384
0.486942 0.064074 1.34384
0.486942 0.064074 1.34384
0.486942 0.064074 1.34384
0.498066 0.0788775 1.34043
0.498066 0.0788775 1.34043
0.498066 0.0788775 1.34043
0.498066 0.0788775 1.34043
0.498066 0.0788775 1.34043
0.498066 0.0788775 1.34043
0.498066 0.0788775 1.34043
0.498066 0.0788775 1.34043
0.527526 -0.4999 1.28231
0.527526 -0.4999 1.28231
0.527526 -0.4999 1.28231
0.527526 -0.4999 1.28231
0.527526 -0.4999 1.28231
0.527526 -0.4999 1.28231
0.527526 -0.4999 1.28231
0.527526 -0.4999 1.28231
0.627985 -0.156795 1.15829
0.627985 -0.156795 1.15829
0.627985 -0.156795 1.15829
0.627985 -0.156795 1.15829
0.627985 -0.156795 1.15829
0.627985 -0.156795 1.15829
0.627985 -0.156795 1.15829
0.627985 -0.156795 1.15829
0.768452 -0.159431 0.942802
0.768452 -0.159431 0.942802
0.768452 -0.159431 0.942802
0.768452 -0.159431 0.942802
0.768452 -0.159431 0.942802
0.768452 -0.159431 0.942802
0.768452 -0.159431 0.942802
0.768452 -0.159431 0.942802
0.765754 -0.147906 0.921512
0.765754 -0.147906 0.921512
0.765754 -0.147906 0.921512
0.765754 -0.147906 0.921512
0.765754 -0.147906 0.921512
0.765754 -0.147906 0.921512
0.765754 -0.147906 0.921512
0.765754 -0.147906 0.921512
0.434308 -0.462659 1.27343
0.434308 -0.462659 1.27343
0.434308 -0.462659 1.27343
0.434308 -0.462659 1.27343
0.434308 -0.462659 1.27343
0.434308 -0.462659 1.27343
0.434308 -0.462659 1.27343
0.434308 -0.462659 1.27343
0.610134 -0.0758034 1.22391
0.610134 -0.0758034 1.22391
0.610134 -0.0758034 1.22391
0.610134 -0.0758034 1.22391
0.610134 -0.0758034 1.22391
0.610134 -0.0758034 1.22391
0.610134 -0.0758034 1.22391
0.610134 -0.0758034 1.22391
0.592858 -0.0659309 1.24616
0.592858 -0.0659309 1.24616
0.592858 -0.0659309 1.24616
0.592858 -0.0659309 1.24616
0.592858 -0.0659309 1.24616
0.592858 -0.0659309 1.24616
0.592858 -0.0659309 1.24616
0.592858 -0.0659309 1.24616
0.382387 -0.498259 1.30126
0.382387 -0.498259 1.30126
0.382387 -0.498259 1.30126
0.382387 -0.498259 1.30126
0.382387 -0.498259 1.30126
0.382387 -0.498259 1.30126
0.382387 -0.498259 1.30126
0.382387 -0.498259 1.30126
0.453336 0.119772 1.41308
0.453336 0.119772 1.41308
0.453336 0.119772 1.41308
0.453336 0.119772 1.41308
0.453336 0.119772 1.41308
0.453336 0.119772 1.41308
0.453336 0.119772 1.41308
0.453336 0.119772 1.41308
0.331719 -0.4537 1.32847
0.331719 -0.4537 1.32847
0.331719 -0.4537 1.32847
0.331719 -0.4537 1.32847
0.331719 -0.4537 1.32847
0.331719 -0.4537 1.32847
0.331719 -0.4537 1.32847
0.331719 -0.4537 1.32847
0.379768 -0.263039 1.26911
0.379768 -0.263039 1.26911
0.379768 -0.263039 1.26911
0.379768 -0.263039 1.26911
0.379768 -0.263039 1.26911
0.379768 -0.263039 1.26911
0.379768 -0.263039 1.26911
0.379768 -0.263039 1.26911
0.359758 0.142279 1.4388
0.359758 0.142279 1.4388
0.359758 0.142279 1.4388
0.359758 0.142279 1.4388
0.359758 0.142279 1.4388
0.359758 0.142279 1.4388
0.359758 0.142279 1.4388
0.359758 0.142279 1.4388
0.301549 0.1379 1.43212
0.301549 0.1379 1.43212
0.301549 0.1379 1.43212
0.301549 0.1379 1.43212
0.301549 0.1379 1.43212
0.301549 0.1379 1.43212
0.301549 0.1379 1.43212
0.301549 0.1379 1.43212
0.304903 0.189078 1.4652
0.304903 0.189078 1.4652
0.304903 0.189078 1.4652
0.304903 0.189078 1.4652
0.304903 0.189078 1.4652
0.304903 0.189078 1.4652
0.304903 0.189078 1.4652
0.304903 0.189078 1.4652
0.206452 -0.375347 1.4254
0.206452 -0.375347 1.4254
0.206452 -0.375347 1.4254
0.206452 -0.375347 1.4254
0.206452 -0.375347 1.4254
0.206452 -0.375347 1.4254
0.206452 -0.375347 1.4254
0.206452 -0.375347 1.4254
-0.274312 0.0722155 0.93517
-0.274312 0.0722155 0.93517
-0.274312 0.0722155 0.93517
-0.274312 0.0722155 0.93517
-0.274312 0.0722155 0.93517
-0.274312 0.0722155 0.93517
-0.274312 0.0722155 0.93517
-0.274312 0.0722155 0.93517
-0.301817 0.1329 0.954433
-0.301817 0.1329 0.954433
-0.301817 0.1329 0.954433
-0.301817 0.1329 0.954433
-0.301817 0.1329 0.954433
-0.301817 0.1329 0.954433
-0.301817 0.1329 0.954433
-0.301817 0.1329 0.954433
-0.117961 0.0613838 1.32658
-0.117961 0.0613838 1.32658
-0.117961 0.0613838 1.32658
-0.117961 0.0613838 1.32658
-0.117961 0.0613838 1.32658
-0.117961 0.0613838 1.32658
-0.117961 0.0613838 1.32658
-0.117961 0.0613838 1.32658
-0.376945 0.218644 0.966454
-0.376945 0.218644 0.966454
-0.376945 0.218644 0.966454
-0.376945 0.218644 0.966454
-0.376945 0.218644 0.966454
-0.376945 0.218644 0.966454
-0.376945 0.218644 0.966454
-0.376945 0.218644 0.966454
-0.415953 0.256222 0.982237
-0.415953 0.256222 0.982237
-0.415953 0.256222 0.982237
-0.415953 0.256222 0.982237
-0.415953 0.256222 0.982237
-0.415953 0.256222 0.982237
-0.415953 0.256222 0.982237
-0.415953 0.256222 0.982237
-0.437891 0.517498 1.36405
-0.437891 0.517498 1.36405
-0.437891 0.517498 1.36405
-0.437891 0.517498 1.36405
-0.437891 0.517498 1.36405
-0.437891 0.517498 1.36405
-0.437891 0.517498 1.36405
-0.437891 0.517498 1.36405
-0.458548 0.536607 1.35819
-0.458548 0.536607 1.35819
-0.458548 0.536607 1.35819
-0.458548 0.536607 1.35819
-0.458548 0.536607 1.35819
-0.458548 0.536607 1.35819
-0.458548 0.536607 1.35819
-0.458548 0.536607 1.35819
-0.487105 0.549265 1.37741
-0.487105 0.549265 1.37741
-0.487105 0.549265 1.37741
-0.487105 0.549265 1.37741
-0.487105 0.549265 1.37741
-0.487105 0.549265 1.37741
-0.487105 0.549265 1.37741
-0.487105 0.549265 1.37741
-0.464158 0.31334 1.27329
-0.464158 0.31334 1.27329
-0.464158 0.31334 1.27329
-0.464158 0.31334 1.27329
-0.464158 0.31334 1.27329
-0.464158 0.31334 1.27329
-0.464158 0.31334 1.27329
-0.464158 0.31334 1.27329
-0.511703 0.574844 1.39842
-0.511703 0.574844 1.39842
-0.511703 0.574844 1.39842
-0.511703 0.574844 1.39842
-0.511703 0.574844 1.39842
-0.511703 0.574844 1.39842
-0.511703 0.574844 1.39842
-0.511703 0.574844 1.39842
-0.509711 0.543403 1.42939
-0.509711 0.543403 1.42939
-0.509711 0.543403 1.42939
-0.509711 0.543403 1.42939
-0.509711 0.543403 1.42939
-0.509711 0.543403 1.42939
-0.509711 0.543403 1.42939
-0.509711 0.543403 1.42939
-0.574153 0.523953 1.4382
-0.574153 0.523953 1.4382
-0.574153 0.523953 1.4382
-0.574153 0.523953 1.4382
-0.574153 0.523953 1.4382
-0.574153 0.523953 1.4382
-0.574153 0.523953 1.4382
-0.574153 0.523953 1.4382
-0.617164 0.492114 1.42133
-0.617164 0.492114 1.42133
-0.617164 0.492114 1.42133
-0.617164 0.492114 1.42133
-0.617164 0.492114 1.42133
-0.617164 0.492114 1.42133
-0.617164 0.492114 1.42133
-0.617164 0.492114 1.42133
-1.15223 0.0997705 1.02212
-1.15223 0.0997705 1.02212
-1.15223 0.0997705 1.02212
-1.15223 0.0997705 1.02212
-1.15223 0.0997705 1.02212
-1.17171 0.0599524 1.03621
-1.17171 0.0599524 1.03621
-1.17171 0.0599524 1.03621
-1.17171 0.0599524 1.03621
-1.17171 0.0599524 1.03621
-0.815176 -0.257752 1.46349
-0.815176 -0.257752 1.46349
-0.815176 -0.257752 1.46349
-0.815176 -0.257752 1.46349
-0.815176 -0.257752 1.46349
-0.815176 -0.257752 1.46349
-0.815176 -0.257752 1.46349
-0.815176 -0.257752 1.46349
-0.740647 0.364143 1.48396
-0.740647 0.364143 1.48396
-0.740647 0.364143 1.48396
-0.740647 0.364143 1.48396
-0.740647 0.364143 1.48396
-0.740647 0.364143 1.48396
-0.740647 0.364143 1.48396
-0.740647 0.364143 1.48396
-1.30446 0.145375 0.890083
-1.30446 0.145375 0.890083
-1.30446 0.145375 0.890083
-1.30446 0.145375 0.890083
-1.30446 0.145375 0.890083
-1.30446 0.145375 0.890083
-1.30446 0.145375 0.890083
-1.30446 0.145375 0.890083
-1.15342 -0.00106149 1.23685
-1.15342 -0.00106149 1.23685
-1.15342 -0.00106149 1.23685
-1.15342 -0.00106149 1.23685
-1.15342 -0.00106149 1.23685
-1.15342 -0.00106149 1.23685
-1.15342 -0.00106149 1.23685
-1.15342 -0.00106149 1.23685
-1.37042 0.0626348 0.858134
-1.37042 0.0626348 0.858134
-1.37042 0.0626348 0.858134
-1.37042 0.0626348 0.858134
-1.37042 0.0626348 0.858134
-1.37042 0.0626348 0.858134
-1.37042 0.0626348 0.858134
-1.37042 0.0626348 0.858134
-1.18319 -0.042096 1.26963
-1.18319 -0.042096 1.26963
-1.18319 -0.042096 1.26963
-1.18319 -0.042096 1.26963
-1.18319 -0.042096 1.26963
-1.18319 -0.042096 1.26963
-1.18319 -0.042096 1.26963
-1.18319 -0.042096 1.26963
-1.35656 -0.212531 1.06267
-1.35656 -0.212531 1.06267
-1.35656 -0.212531 1.06267
-1.35656 -0.212531 1.06267
-1.35656 -0.212531 1.06267
-1.35656 -0.212531 1.06267
-1.35656 -0.212531 1.06267
-1.35656 -0.212531 1.06267
-1.38286 0.037439 0.984347
-1.38286 0.037439 0.984347
-1.38286 0.037439 0.984347
-1.38286 0.037439 0.984347
-1.38286 0.037439 0.984347
-1.38286 0.037439 0.984347
-1.38286 0.037439 0.984347
-1.38286 0.037439 0.984347
-1.39023 0.0463326 0.995654
-1.39023 0.0463326 0.995654
-1.39023 0.0463326 0.995654
-1.39023 0.0463326 0.995654
-1.39023 0.0463326 0.995654
-1.39023 0.0463326 0.995654
-1.39023 0.0463326 0.995654
-1.39023 0.0463326 0.995654
-1.40474 0.0538709 0.970601
-1.40474 0.0538709 0.970601
-1.40474 0.0538709 0.970601
-1.40474 0.0538709 0.970601
-1.40474 0.0538709 0.970601
-1.40474 0.0538709 0.970601
-1.40474 0.0538709 0.970601
-1.40474 0.0538709 0.970601
-1.41085 0.0854016 0.98588
-1.41085 0.0854016 0.98588
-1.41085 0.0854016 0.98588
-1.41085 0.0854016 0.98588
-1.41085 0.0854016 0.98588
-1.41085 0.0854016 0.98588
-1.41085 0.0854016 0.98588
-1.41085 0.0854016 0.98588
-1.14344 0.254555 1.15165
-1.14344 0.254555 1.15165
-1.14344 0.254555 1.15165
-1.14344 0.254555 1.15165
-1.14344 0.254555 1.15165
-1.14344 0.254555 1.15165
-1.14344 0.254555 1.15165
-1.14344 0.254555 1.15165
-0.465347 0.383188 1.1135
-0.465347 0.383188 1.1135
-0.465347 0.383188 1.1135
-0.465347 0.383188 1.1135
-0.465347 0.383188 1.1135
-0.465347 0.383188 1.1135
-0.465347 0.383188 1.1135
-0.465347 0.383188 1.1135
-0.440592 0.411476 1.12916
-0.440592 0.411476 1.12916
-0.440592 0.411476 1.12916
-0.440592 0.411476 1.12916
-0.440592 0.411476 1.12916
-0.440592 0.411476 1.12916
-0.440592 0.411476 1.12916
-0.440592 0.411476 1.12916
-0.480552 0.096214 1.12726
-0.480552 0.096214 1.12726
-0.480552 0.096214 1.12726
-0.519109 0.183593 1.09099
-0.519109 0.183593 1.09099
-0.519109 0.183593 1.09099
-0.170189 0.265295 1.14775
-0.170189 0.265295 1.14775
-0.170189 0.265295 1.14775
-0.216902 0.306576 1.13483
-0.216902 0.306576 1.13483
-0.216902 0.306576 1.13483
-0.520206 0.331233 1.10013
-0.520206 0.331233 1.10013
-0.520206 0.331233 1.10013
-0.556182 0.397272 1.05871
-0.556182 0.397272 1.05871
-0.556182 0.397272 1.05871
-0.0838016 0.574349 1.09338
-0.0838016 0.574349 1.09338
-0.0838016 0.574349 1.09338
-0.0690224 0.626676 1.08651
-0.0690224 0.626676 1.08651
-0.0690224 0.626676 1.08651
-0.0860801 0.690231 1.09823
-0.0860801 0.690231 1.09823
-0.0860801 0.690231 1.09823
-0.410032 0.743696 1.13838
-0.410032 0.743696 1.13838
-0.410032 0.743696 1.13838
-0.43162 0.785227 1.10978
-0.43162 0.785227 1.10978
-0.43162 0.785227 1.10978
-0.442249 0.883246 1.12941
-0.442249 0.883246 1.12941
-0.442249 0.883246 1.12941
-0.442249 0.883246 1.12941
-0.442249 0.883246 1.12941
-0.442249 0.883246 1.12941
-0.442249 0.883246 1.12941
-0.442249 0.883246 1.12941
-0.136723 0.877234 1.11046
-0.136723 0.877234 1.11046
-0.136723 0.877234 1.11046
-0.136723 0.877234 1.11046
-0.136723 0.877234 1.11046
-0.136723 0.877234 1.11046
-0.136723 0.877234 1.11046
-0.136723 0.877234 1.11046
-0.152951 0.929198 1.12095
-0.152951 0.929198 1.12095
-0.152951 0.929198 1.12095
-0.152951 0.929198 1.12095
-0.152951 0.929198 1.12095
-0.152951 0.929198 1.12095
-0.152951 0.929198 1.12095
-0.152951 0.929198 1.12095
-0.183724 1.05698 1.11951
-0.183724 1.05698 1.11951
-0.183724 1.05698 1.11951
-0.183724 1.05698 1.11951
-0.183724 1.05698 1.11951
-0.183724 1.05698 1.11951
-0.183724 1.05698 1.11951
-0.183724 1.05698 1.11951
-0.448728 1.15279 1.12824
-0.448728 1.15279 1.12824
-0.448728 1.15279 1.12824
-0.448728 1.15279 1.12824
-0.448728 1.15279 1.12824
-0.448728 1.15279 1.12824
-0.448728 1.15279 1.12824
-0.448728 1.15279 1.12824
-0.238698 1.1252 1.14433
-0.238698 1.1252 1.14433
-0.238698 1.1252 1.14433
-0.238698 1.1252 1.14433
-0.238698 1.1252 1.14433
-0.238698 1.1252 1.14433
-0.238698 1.1252 1.14433
-0.238698 1.1252 1.14433
-0.142112 0.922552 1.10894
-0.142112 0.922552 1.10894
-0.142112 0.922552 1.10894
-0.142112 0.922552 1.10894
-0.142112 0.922552 1.10894
-0.142112 0.922552 1.10894
-0.142112 0.922552 1.10894
-0.142112 0.922552 1.10894
-0.269078 1.17202 1.14034
-0.269078 1.17202 1.14034
-0.269078 1.17202 1.14034
-0.269078 1.17202 1.14034
-0.269078 1.17202 1.14034
-0.269078 1.17202 1.14034
-0.269078 1.17202 1.14034
-0.269078 1.17202 1.14034
-0.481512 0.993697 1.04827
-0.481512 0.993697 1.04827
-0.481512 0.993697 1.04827
-0.481512 0.993697 1.04827
-0.481512 0.993697 1.04827
-0.481512 0.993697 1.04827
-0.481512 0.993697 1.04827
-0.481512 0.993697 1.04827
-0.472671 1.04608 1.05308
-0.472671 1.04608 1.05308
-0.472671 1.04608 1.05308
-0.493472 1.0777 1.04156
-0.493472 1.0777 1.04156
-0.493472 1.0777 1.04156
-0.475105 1.14575 1.04092
-0.475105 1.14575 1.04092
-0.475105 1.14575 1.04092
-0.497531 1.15733 1.02813
-0.497531 1.15733 1.02813
-0.497531 1.15733 1.02813
0.0442412 1.31591 0.966375
0.0442412 1.31591 0.966375
0.0442412 1.31591 0.966375
-0.379348 1.33321 0.937101
-0.379348 1.33321 0.937101
-0.379348 1.33321 0.937101
-0.391364 1.35253 0.930676
-0.391364 1.35253 0.930676
-0.391364 1.35253 0.930676
0.0309882 1.40988 0.97743
0.0309882 1.40988 0.97743
0.0309882 1.40988 0.97743
-0.363048 1.42972 0.978197
-0.363048 1.42972 0.978197
-0.363048 1.42972 0.978197
-0.355226 1.448 0.984804
-0.355226 1.448 0.984804
-0.355226 1.448 0.984804
-0.374682 1.46691 0.975123
-0.374682 1.46691 0.975123
-0.374682 1.46691 0.975123
-0.007053 1.50169 1.01596
-0.007053 1.50169 1.01596
-0.007053 1.50169 1.01596
-0.347452 1.49889 0.990259
-0.347452 1.49889 0.990259
-0.347452 1.49889 0.990259
-0.369839 1.50319 0.973677
-0.369839 1.50319 0.973677
-0.369839 1.50319 0.973677
-0.348085 1.51749 0.984722
-0.348085 1.51749 0.984722
-0.374136 1.51989 0.958189
-0.374136 1.51989 0.958189
-0.342266 1.52048 0.97283
-0.342266 1.52048 0.97283
-0.328532 1.52957 0.983913
-0.328532 1.52957 0.983913
0.101228 1.52842 0.995952
0.101228 1.52842 0.995952
0.134677 1.53172 0.993175
0.134677 1.53172 0.993175
-0.296269 1.51161 0.970055
-0.296269 1.51161 0.970055
0.175002 1.50569 0.978799
0.175002 1.50569 0.978799
0.173193 1.50968 0.994553
0.173193 1.50968 0.994553
0.185536 1.50301 0.993505
0.185536 1.50301 0.993505
-0.267949 1.49841 0.984622
-0.267949 1.49841 0.984622
-0.259122 1.50047 0.998514
-0.259122 1.50047 0.998514
-0.259206 1.49528 0.986165
-0.259206 1.49528 0.986165
0.237035 1.50433 0.977021
0.237035 1.50433 0.977021
-0.212079 1.48076 0.987907
-0.212079 1.48076 0.987907
-0.219065 1.48275 0.962945
-0.219065 1.48275 0.962945
0.239012 1.47997 0.925453
0.239012 1.47997 0.925453
-0.188073 1.48191 0.948631
-0.188073 1.48191 0.948631
0.212087 1.47811 0.904549
0.212087 1.47811 0.904549
0.223187 1.47551 0.871781
0.223187 1.47551 0.871781
-0.151733 1.47142 0.869442
-0.151733 1.47142 0.869442
-0.152098 1.46059 0.828972
-0.152098 1.46059 0.828972
-0.121124 1.45452 0.810953
-0.121124 1.45452 0.810953
0.189365 1.46013 0.778846
0.189365 1.46013 0.778846
0.164061 1.45971 0.759045
0.164061 1.45971 0.759045
-0.110011 1.45527 0.731104
-0.110011 1.45527 0.731104
-0.098466 1.45185 0.705265
-0.098466 1.45185 0.705265
-0.114266 1.44703 0.645322
-0.114266 1.44703 0.645322
-0.0890634 1.44481 0.61345
-0.0890634 1.44481 0.61345

