0.111029 -0.0417251 0.271506 0.111031 -0.0417324 0.271497 0.111035 -0.0417285 0.27151 0.111035 -0.0417285 0.27151 0.111031 -0.0417223 0.271506 0.111031 -0.0417223 0.271506 0.111036 -0.041731 0.271504 0.111033 -0.0417302 0.271502 0.111033 -0.0417302 0.271502 0.111031 -0.0417247 0.271503 0.111031 -0.0417247 0.271503 0.111036 -0.041726 0.271512 0.111032 -0.0417238 0.271497 0.111032 -0.0417238 0.271497 0.111032 -0.0417271 0.271509 0.111032 -0.0417271 0.271509 0.111038 -0.0417265 0.271506 0.111033 -0.0417299 0.271503 0.111033 -0.0417299 0.271503 0.111032 -0.0417283 0.271495 0.111032 -0.0417283 0.271495 0.111037 -0.0417257 0.271507 0.111035 -0.0417276 0.271509 0.111035 -0.0417276 0.271509 0.111031 -0.0417261 0.271504 0.111031 -0.0417261 0.271504 0.111033 -0.0417303 0.271502 0.111047 -0.0417249 0.271506 0.111047 -0.0417249 0.271506 0.111035 -0.0417249 0.27151 0.111035 -0.0417249 0.27151 0.111036 -0.0417235 0.271509 0.111033 -0.0417256 0.271503 0.111033 -0.0417256 0.271503 0.111032 -0.0417268 0.271508 0.111032 -0.0417268 0.271508 0.111035 -0.0417269 0.271504 0.111032 -0.0417259 0.271499 0.111032 -0.0417259 0.271499 0.111032 -0.0417214 0.271498 0.111032 -0.0417214 0.271498 0.111033 -0.0417265 0.271499 0.111032 -0.0417302 0.271502 0.111032 -0.0417302 0.271502 0.111032 -0.041732 0.2715 0.111032 -0.041732 0.2715 0.111032 -0.0417229 0.271507 0.111031 -0.041726 0.271507 0.111031 -0.041726 0.271507 0.11103 -0.041726 0.271502 0 0 0
0.111033 -0.0417279 0.271508 0 0 0
0.111031 -0.0417265 0.271506 0 0 0
0.111033 -0.0417318 0.271503 0 0 0
0.11103 -0.0417288 0.271494 0 0 0
0.111037 -0.0417328 0.271497 0 0 0
0.111029 -0.0417284 0.271496 0 0 0
0.111028 -0.0417294 0.271499 0 0 0
0.111029 -0.0417324 0.271494 0 0 0
0.111032 -0.0417261 0.271505 0 0 0
0.111034 -0.0417278 0.271507 0 0 0
0.111026 -0.0417261 0.271507 0 0 0
0.111031 -0.0417299 0.271503 0 0 0
0.111026 -0.041731 0.271493 0 0 0
0.111027 -0.0417317 0.271499 0 0 0
0.111026 -0.041732 0.271499 0 0 0
0.111032 -0.041733 0.271496 0 0 0
0.111029 -0.0417317 0.271504 0 0 0
0.111027 -0.0417289 0.2715 0 0 0
0.11106 -0.0417565 0.271498 0 0 0
0.111044 -0.0417095 0.271519 0 0 0
0.111067 -0.0416919 0.271527 0 0 0
0.111062 -0.0417017 0.271529 0 0 0
0.111058 -0.0416919 0.271533 0 0 0
0 0 0
0.111057 -0.0416961 0.271527 0 0 0
0.111058 -0.041686 0.271522 0 0 0
0 0 0
0.111062 -0.0416844 0.271537 0 0 0
0.111059 -0.0416978 0.271534 0 0 0
0.111065 -0.0416969 0.271523 0 0 0
0.111131 -0.0416053 0.271568 0 0 0
0.111182 -0.0415673 0.271588 0 0 0
0.111185 -0.0415671 0.271591 0 0 0
0.111194 -0.041554 0.271576 0 0 0
0.111185 -0.0415858 0.271588 0 0 0
0.111178 -0.0415504 0.271591 0 0 0
0.111206 -0.0415427 0.271596 0 0 0
0.1112 -0.0415416 0.27159 0 0 0
0.11118 -0.0415504 0.271579 0 0 0
0.111174 -0.0415686 0.271583 0 0 0
0.111204 -0.0415506 0.271593 0 0 0
0.111198 -0.0415476 0.27158 0 0 0
0.11119 -0.0415661 0.271588 0 0 0
0.111204 -0.041555 0.271588 0 0 0
0.111195 -0.0415457 0.271593 0 0 0
0.111178 -0.0415495 0.271603 0 0 0
0.111214 -0.0415393 0.27159 0 0 0
0.111193 -0.0415491 0.271603 0 0 0
0.111181 -0.0415545 0.271575 0 0 0
0.111191 -0.0415486 0.271593 0 0 0
0.111211 -0.0415206 0.271596 0 0 0
0.111197 -0.041524 0.271584 0 0 0
0 0 0
0.111206 -0.0415416 0.271584 0 0 0
0.1112 -0.0415496 0.271589 0 0 0
0.111207 -0.0415356 0.271604 0 0 0
0.111198 -0.0415483 0.271591 0 0 0
0.111221 -0.041532 0.271593 0 0 0
0.111228 -0.0415305 0.271591 0 0 0
0.111197 -0.0415433 0.271595 0 0 0
0.111191 -0.041543 0.271575 0 0 0
0 0 0
0.111213 -0.0415257 0.271596 0 0 0
0.111209 -0.0415242 0.271587 0 0 0
0.111253 -0.0415005 0.271631 0 0 0
0.111307 -0.0414693 0.271665 0 0 0
0.111394 -0.0413657 0.271715 0 0 0
0.111389 -0.0413712 0.271752 0 0 0
0.111509 -0.041182 0.271885 0 0 0
0.111626 -0.041053 0.271998 0 0 0
0.111911 -0.0408796 0.272213 0 0 0
0.112036 -0.040663 0.272765 0 0 0
0.116691 -0.0414743 0.285817 0 0 0
0.131645 -0.0399377 0.341395 0 0 0
0.170405 -0.0384745 0.459948 0 0 0
0.225617 -0.0374165 0.606451 0 0 0
0.289559 -0.0376342 0.75579 0 0 0
0.362526 -0.0387306 0.917131 0 0 0
0.444045 -0.0411203 1.09686 0 0 0
0.064036 -0.0171305 1.156 0.516741 -0.043769 1.26298 0.064036 -0.0171305 0
0.58638 -0.0465656 1.4137 0.124248 -0.0295497 1.322 0.124248 -0.0295497 0
0.646944 -0.0489715 1.50432 0.175822 -0.0230418 1.414 0.175822 -0.0230418 0
0.700014 -0.0507723 1.555 0.913621 0.0446865 1.71286
0.246487 0.030157 1.483 0.758084 -0.0528238 1.59221 0.984286 0.0978853 1.71286
0.798479 -0.0541734 1.61333 0.285667 0.0442521 1.678 1.02347 0.11198 1.71286
0.83629 -0.0555994 1.63229 1.14018 0.0687775 1.80365
0.303306 0.0418633 1.728 0.865409 -0.0567084 1.64798 1.15758 0.0840324 1.74553
0.887072 -0.057533 1.6634 0.302055 0.0426262 1.731 1.19482 0.089099 1.80373
0.900319 -0.0580012 1.67803 0.29481 0.0368978 1.753 1.18758 0.0833706 1.80373
0.305617 0.0418843 1.757 0.907324 -0.058124 1.69395 1.19839 0.0883571 1.80373
0.907213 -0.0579078 1.70835 1.21344 0.0855181 1.80896
0.311875 0.0805023 1.808 0.904366 -0.0577097 1.72526 1.20555 0.0907287 1.83654
0.9003 -0.057488 1.74202 1.2078 0.0868494 1.86684
0.277414 0.0896335 1.824 0.897228 -0.0574604 1.75952 1.24561 0.104383 1.63949
0.896767 -0.0574745 1.77734 0.258315 0.0856073 1.849 1.25462 0.101772 1.6929
0.900385 -0.0577357 1.79599 0.259313 0.0781604 1.871 1.24693 0.107527 1.67271
0.907164 -0.0585242 1.81383 1.26596 0.105863 1.72313
0.247428 0.0513931 1.905 0.91429 -0.0599457 1.82966 1.2731 0.120222 1.69737
0.923479 -0.0618039 1.84745 1.26121 0.0934551 1.69737
0.250927 0.00154613 1.941 0.933115 -0.0651364 1.86964 1.26471 0.0436081 1.69737
0.942062 -0.0684161 1.89404 0.262345 -0.0175033 1.966 1.27613 0.0245586 1.69737
0.9493 -0.0709576 1.91629 1.28755 0.00550921 1.69737
0.25871 0.00315186 2.002 0.9554 -0.0717981 1.94065 1.41846 -0.0492267 1.72037
0.960315 -0.0722931 1.96527 0.2594 0.00870458 2.026 1.41454 -0.0202089 1.66483
0.964937 -0.0715806 1.99291 1.43041 -0.0365325 1.72324
0.264 0.00187451 2.079 0.967205 -0.0717911 2.01318 1.43166 -0.0352142 1.76542
0.967339 -0.0732741 2.02509 0.280509 -0.0179901 2.101 1.44817 -0.0550788 1.76542
0.964959 -0.0744513 2.0199 0.287979 -0.0225988 2.116 1.45564 -0.0596875 1.76542
0.959466 -0.0757053 1.99606 0.304198 -0.0301019 2.122 1.47186 -0.0671906 1.76542
0.951724 -0.076088 1.9682 1.45668 -0.0749565 1.72619
0.28005 -0.0796464 2.109 0.941604 -0.0746268 1.95325 1.44199 -0.0863743 1.69295
0.929815 -0.0706572 1.95043 0.268944 -0.0962116 2.068 1.43089 -0.102939 1.69295
0.917265 -0.0641829 1.95581 1.41978 -0.119505 1.69295
0.216359 -0.0562871 2.05 0.905835 -0.0542148 1.96626 1.3672 -0.0795802 1.69295
0.89683 -0.0420846 1.97958 0.180171 -0.0532241 2.05 1.33766 -0.0639317 1.71302
0.891985 -0.028601 1.99408 0.144103 -0.0258565 2.059 1.33185 -0.0399464 1.70127
0.893348 -0.0144237 2.01047 1.33868 -0.0404708 1.73707
0.107857 0.0166395 2.08 0.898861 -0.0031747 2.02559 1.33301 -0.0563908 1.75759
0.117323 0.0114275 2.102 0.910536 0.00718696 2.04286 1.3439 -0.0248483 1.7407
0.925987 0.0151656 2.05967 1.36295 -0.0198594 1.7737
0.160037 -0.000848441 2.131 0.943117 0.0213449 2.07646 1.40567 -0.0321354 1.7737
0.961804 0.026465 2.09438 1.44838 -0.0444113 1.7737
0.256694 0.0157217 2.185 0.979671 0.030478 2.1117 1.48059 -0.0421406 1.77632
0.995935 0.0331671 2.12974 1.49693 -0.031534 1.79836
0.30722 0.0589114 2.209 1.00946 0.0345531 2.14641 1.50909 -0.0359692 1.81198
1.02161 0.033631 2.16411 0.302684 0.0698636 2.216 1.50456 -0.025017 1.81198
1.03344 0.0292353 2.18222 1.50002 -0.0140648 1.81198
0.323941 0.0282331 2.252 1.04433 0.0222799 2.19945 1.52128 -0.0556952 1.81198
1.05592 0.0132574 2.21682 1.54254 -0.0973256 1.81198
0.35588 0.00497889 2.298 1.07066 0.00105874 2.23557 1.57447 -0.12058 1.81198
1.08607 -0.0102981 2.25343 0.390304 0.0133378 2.314 1.6089 -0.112221 1.81198
1.10384 -0.0221382 2.27223 0.417762 0.017243 2.341 1.76769 -0.182077 2.13184
0.446194 0.0100706 2.355 1.12233 -0.0338366 2.28927 1.78714 -0.196273 2.1505
1.14202 -0.0458669 2.29349 1.81557 -0.203445 2.1505
0.443704 0.00193324 2.388 1.16078 -0.0592418 2.27286 1.81308 -0.211583 2.1505
1.18006 -0.073728 2.21824 0.482085 0.0100068 2.386 1.839 -0.248097 2.12217
1.20047 -0.0906129 2.12879 1.92499 -0.235575 2.15284
0.550288 -0.0306133 2.282 1.22037 -0.108587 2.04202 1.9208 -0.249589 2.10771
1.24104 -0.126812 1.9671 0.574932 -0.0370057 2.236 1.91838 -0.248798 2.00722
1.2619 -0.145435 1.90774 1.91731 -0.280165 1.97967
0.596229 -0.0387387 2.107 1.28582 -0.163835 1.85223 1.93861 -0.281898 1.97967
0.622487 -0.0161161 1.983 1.31276 -0.178362 1.7999 1.96487 -0.259275 1.97967
0.647028 -0.0210988 1.908 1.34299 -0.189693 1.74789 1.91156 -0.288829 1.81696
1.37928 -0.193595 1.69252 1.99055 -0.33575 1.88961
0.686322 0.0181358 1.804 1.4166 -0.193548 1.63955 1.95532 -0.310997 1.76864
1.45651 -0.189888 1.58618 0.718815 0.0173856 1.762 2.03837 -0.317839 1.78837
0.759159 0.0405061 1.702 1.50066 -0.184099 1.53119 2.16091 -0.375945 2.00041
1.54499 -0.179322 1.48625 0.785773 0.0660248 1.662 2.18752 -0.350427 2.00041
1.58755 -0.176165 1.45497 2.21414 -0.324908 2.00041
0.868715 0.0953965 1.573 1.63263 -0.174143 1.43038 2.29708 -0.295536 2.00041
1.67519 -0.173489 1.41231 0.905325 0.114658 1.537 2.33369 -0.276274 2.00041
1.7172 -0.174265 1.39772 2.3703 -0.257012 2.00041
0.964664 0.121201 1.497 1.75726 -0.173873 1.38576 2.42964 -0.25047 2.00041
1.79413 -0.172082 1.3767 1.00063 0.113197 1.485 2.46561 -0.258474 2.00041
1.82566 -0.167969 1.37031 1.03204 0.129899 1.472 2.49702 -0.241772 2.00041
1.85419 -0.160909 1.36509 1.05496 0.13589 1.469 2.51994 -0.235781 2.00041
1.87815 -0.152161 1.36199 2.54286 -0.22979 2.00041
1.07743 0.149486 1.46 1.89713 -0.143186 1.36216 2.56533 -0.216195 2.00041
1.91354 -0.134238 1.36599 1.07635 0.158452 1.454 2.56425 -0.207228 2.00041
1.92861 -0.125057 1.37291 2.56317 -0.198261 2.00041
1.07647 0.146833 1.459 1.94061 -0.116873 1.3808 2.56328 -0.20988 2.00041
1.95232 -0.108655 1.39003 2.5634 -0.221499 2.00041
1.09125 0.149045 1.469 1.96384 -0.099659 1.39969 2.57818 -0.219287 2.00041
1.97528 -0.0889815 1.41026 1.10366 0.133339 1.485 2.59059 -0.234994 2.00041
1.98598 -0.0767331 1.42129 2.603 -0.2507 2.00041
1.0986 0.158698 1.501 1.9966 -0.0601096 1.43511 2.59793 -0.225341 2.00041
2.00417 -0.0445525 1.44863 1.10356 0.171603 1.521 2.6029 -0.212436 2.00041
2.01005 -0.0264052 1.46447 1.09766 0.190654 1.546 2.59699 -0.193385 2.00041
2.01262 -0.0113953 1.47813 1.10719 0.198556 1.549 2.60653 -0.185483 2.00041
2.01251 0.00389613 1.49213 2.61607 -0.177581 2.00041
1.09072 0.232142 1.573 2.00949 0.0196262 1.50665 2.07408 0.0435852 1.34653
2.0038 0.0328609 1.51947 1.06964 0.233963 1.588 2.05797 0.0384651 1.38883
2.06411 0.0428804 1.36566
1.9843 0.0595311 1.54474 1.03422 0.239213 1.611 2.05801 0.0753189 1.37163
1.97129 0.070649 1.55552 1.02358 0.221881 1.634 2.03294 0.0469728 1.39959
1.95653 0.0799148 1.56715 1.02407 0.230987 1.642 2.02518 0.0701314 1.3875
1.01519 0.233141 1.65 1.94056 0.0869533 1.57915 2.0163 0.0722849 1.3875
1.92491 0.0916767 1.59067 1.00465 0.230967 1.665 2.00576 0.070111 1.3875
1.90915 0.0964327 1.60166 1.99521 0.0679371 1.3875
1.01037 0.180773 1.688 1.89322 0.102929 1.61153 2.00094 0.0177435 1.3875
1.87753 0.114694 1.62085 1.00418 0.170626 1.69 1.96544 -0.00324006 1.43342
1.95845 0.0356655 1.39977
1.84795 0.171803 1.64198 0.982018 0.205449 1.716 1.94318 0.0459149 1.42822
1.83658 0.216063 1.65155 1.92102 0.0807373 1.42822
0.919126 0.284212 1.735 1.82767 0.268283 1.66038 1.85813 0.1595 1.42822
1.82205 0.32765 1.67052 0.901755 0.309253 1.736 1.84818 0.317376 1.36141
0.87941 0.343912 1.752 1.8195 0.385376 1.68233 1.82584 0.352035 1.36141
1.82101 0.445823 1.69616 0.854497 0.394856 1.764 1.80092 0.402979 1.36141
1.82646 0.507984 1.71007 0.864864 0.424725 1.779 1.81129 0.432848 1.36141
1.83457 0.562301 1.72082 0.862705 0.46855 1.779 1.80913 0.476673 1.36141
1.84435 0.616007 1.73018 0.880071 0.513878 1.798 1.8265 0.522001 1.36141
1.84386 0.567328 1.36141
1.86407 0.707822 1.74601 0.890339 0.599249 1.817 1.85413 0.6527 1.36141
1.87359 0.745079 1.75247 1.8644 0.738071 1.36141
0.89133 0.677347 1.822 1.8839 0.774179 1.75749 1.86539 0.816169 1.36141
1.89773 0.797663 1.76204 1.86638 0.894267 1.36141
0.942767 0.722296 1.837 1.91398 0.808486 1.7671 1.91782 0.939216 1.36141
1.93335 0.80822 1.77359 1.96432 0.586991 1.584
0.953066 0.729391 1.843 1.95652 0.801075 1.78181 2.00019 0.616652 1.59333
1.98147 0.795534 1.78991 0.975298 0.713256 1.857 2.02243 0.600517 1.59333
2.00599 0.800095 1.79722 0.985756 0.681796 1.863 2.03288 0.569057 1.59333
2.0326 0.821459 1.80532 0.996578 0.679686 1.863 2.10091 0.599196 1.57139
2.11715 0.619266 1.5544
2.08134 0.913872 1.81895 1.0051 0.76411 1.887 2.13772 0.669331 1.53117
2.10137 0.98096 1.82145 2.15011 0.72052 1.5809
1.01692 0.895863 1.887 2.11794 1.05165 1.82135 2.26718 0.792429 1.65181
2.1324 1.12076 1.81969 1.00311 0.953919 1.888 2.25337 0.850485 1.65181
2.14552 1.18059 1.81849 2.23956 0.908541 1.65181
1.02681 1.01988 1.885 2.15795 1.23097 1.81644 2.26326 0.9745 1.65181
2.16906 1.27566 1.81385 1.03414 1.06971 1.885 2.27059 1.02433 1.65181
2.18093 1.31949 1.8107 1.0532 1.11118 1.879 2.28965 1.0658 1.65181
2.18965 1.3555 1.80761 1.0722 1.14766 1.878 2.30866 1.10228 1.65181
2.32766 1.13876 1.65181
2.19867 1.40883 1.80901 1.08584 1.16656 1.892 2.3413 1.15767 1.65181
1.08538 1.19751 1.892 2.19881 1.42496 1.81453 2.37048 1.49686 1.60544
2.19756 1.43524 1.82193 2.37439 1.51711 1.60286
1.14415 1.22489 1.867 2.19482 1.44123 1.82976 2.36661 1.51901 1.60735
2.19004 1.44439 1.8363 1.15985 1.2384 1.87 2.43803 1.51009 1.65204
2.18242 1.44597 1.84191 2.45373 1.52361 1.65204
1.09365 1.25945 1.897 2.17167 1.4471 1.84554 2.38753 1.54466 1.65204
2.15793 1.44759 1.8483 1.06696 1.26874 1.905 2.34233 1.55125 1.6062
2.14191 1.44899 1.85115 2.28851 1.54608 1.63291
1.05473 1.2234 1.912 2.121 1.45108 1.85598 2.27807 1.56236 1.64713
2.09839 1.45687 1.86411 2.25578 1.55486 1.69045
1.00878 1.19928 1.929 2.069 1.46887 1.87689 2.24531 1.54877 1.68415
2.0322 1.48748 1.89326 0.973708 1.21339 1.934 2.1295 1.52256 1.55631
2.09442 1.53668 1.55631
1.94436 1.541 1.92833 0.872898 1.24189 1.968 1.99361 1.56517 1.55631
1.89848 1.56957 1.94339 0.847547 1.26503 1.982 2.00263 1.71906 1.80833
1.8471 1.60045 1.95691 1.9658 1.73727 1.81709
0.816193 1.27617 2.009 1.79551 1.63013 1.96737 1.93445 1.74841 1.81709
1.74049 1.65886 1.97852 1.90309 1.75955 1.81709
0.721864 1.27901 2.035 1.68387 1.68479 1.99195 1.75745 1.84726 1.86473
1.61649 1.71266 2.00876 0.680198 1.2883 2.066 1.71668 1.85224 1.77013
1.55208 1.7384 2.02602 0.626091 1.29026 2.077 1.65721 1.88665 1.79638
1.4911 1.76336 2.04409 0.578622 1.30265 2.085 1.62869 1.89219 1.82392
0.515975 1.30883 2.103 1.44251 1.78267 2.06136 1.54547 1.93777 1.91279
1.39526 1.80161 2.0812 0.482652 1.31526 2.122 1.53401 1.94486 1.96583
1.35783 1.81275 2.09883 1.51378 1.94993 1.97804
0.400182 1.35455 2.123 1.32758 1.81656 2.11341 1.48185 1.94444 1.98022
0.378794 1.36149 2.165 1.29774 1.81466 2.12683 1.47558 1.89824 1.96899
0.340143 1.35388 2.187 1.26714 1.80668 2.13924 1.43693 1.89063 1.96899
1.23033 1.79311 2.1514 1.39827 1.88303 1.96899
0.29787 1.31553 2.211 1.09414 1.93082 2.04923
1.13976 1.76324 2.17144 0.26955 1.30196 2.227 1.06582 1.91724 2.04923
1.07647 1.74846 2.17621 0.235248 1.28382 2.241 1.03152 1.8991 2.04923
0.995901 1.73463 2.17594 0.178614 1.26458 2.241 0.974885 1.87986 2.04923
0.088038 1.22326 2.266 0.905583 1.72355 2.17281 0.88431 1.83854 2.04923
0.806785 1.71406 2.16867 0.0223021 1.19609 2.244 0.818574 1.81137 2.04923
0.701947 1.70627 2.16382 -0.061438 1.17109 2.228 0.734834 1.78637 2.04923
-0.123461 1.1376 2.223 0.594237 1.70083 2.15868 1.18067 1.79107 2.32386
0.507714 1.6997 2.15321 -0.195833 1.12601 2.213 1.21552 1.76215 2.28414
0.440272 1.70195 2.1474 -0.248275 1.13474 2.213 1.0364 1.79602 2.33864
0.377476 1.70782 2.14014 -0.307341 1.15773 2.217 1.12477 1.7539 2.30287
0.330149 1.7142 2.13271 -0.372105 1.16461 2.198 1.27037 1.70294 1.55891
0.287727 1.72119 2.12353 -0.401896 1.16919 2.19 0.809329 1.75517 2.06344
0.260244 1.72632 2.11501 -0.424029 1.16939 2.179 0.769424 1.7703 1.9658
0.238794 1.73041 2.10587 -0.434962 1.16962 2.179 0.758492 1.77052 1.9658
-0.473632 1.1941 2.167 0.216821 1.73526 2.09306 0.719821 1.79501 1.9658
0.185652 1.74055 2.07787 0.681151 1.8195 1.9658
-0.545596 1.21734 2.156 0.141452 1.74582 2.06325 0.619267 1.85148 1.93592
-0.594695 1.1912 2.141 0.0762583 1.74951 2.05017 0.575887 1.86712 1.95252
-0.00178187 1.74797 2.04121 0.526788 1.84098 1.95252
-0.753199 1.18737 2.11 -0.0883418 1.73861 2.03341 0.368285 1.83715 1.95252
-0.179588 1.71824 2.02491 0.167747 1.83858 1.92086
-0.863029 1.11735 2.092 -0.265395 1.68524 2.01634 0.0606825 1.78475 1.90633
-0.340934 1.64205 2.00789 -0.897742 1.05873 2.09 0.0663244 1.72727 1.8977
-0.926134 1.00644 2.08 -0.363335 1.62634 2.00528 0.037932 1.67498 1.8977
-0.968493 0.958592 2.077 -0.363335 1.62634 2.00528 -0.00442638 1.62713 1.8977
-0.400995 1.59623 2.00073 -0.964809 0.966179 2.049 -0.282063 1.52011 2.16742
-0.471703 1.50994 1.9916 -0.939205 0.961278 2.042 -0.287467 1.48657 2.15636
-0.471703 1.50994 1.9916 -0.919128 0.937981 2.048 -0.310559 1.41227 2.04348
-0.462929 1.38015 1.98112 -0.899755 0.912286 2.042 -0.300869 1.45078 2.15697
-0.439122 1.33777 1.97978 -0.298021 1.40969 2.17671
-0.845233 0.861631 2.043 -0.297138 1.34736 2.12135
-0.388597 1.26448 1.98196 -0.813032 0.845227 2.043 -0.266263 1.3147 2.11948
-0.360978 1.23108 1.98422 -0.222849 1.26337 2.10528
-0.74085 0.791261 2.053 -0.335753 1.20174 1.9868 -0.207455 1.22505 2.08374
-0.712329 0.774249 2.057 -0.311867 1.17491 1.98986 -0.140395 1.19191 1.84978
-0.683178 0.760227 2.061 -0.288796 1.14986 1.99373 -0.135843 1.16138 1.83936
-0.269896 1.12625 1.99769 -0.127769 1.14253 1.80149
-0.684214 0.757193 2.074 -0.256104 1.10445 2.00131 -0.107992 1.11577 1.85006
-0.248611 1.07974 2.00554 -0.655335 0.74153 2.074 -0.0871335 1.10862 1.90882
-0.649488 0.713142 2.082 -0.247705 1.05668 2.01025 -0.106502 1.08706 1.84422
-0.252204 1.02658 2.01704 -0.10623 1.05193 1.83768
-0.612016 0.662704 2.085 -0.260241 0.992489 2.02319 -0.143265 1.01778 1.79486
-0.272037 0.955003 2.02671 -0.611089 0.616157 2.098 0-0.142338 0.971234 1.79486
-0.285193 0.919306 2.02824 -0.14141 0.924686 1.79486
-0.631002 0.557 2.103 -0.299619 0.880022 2.02986 -0.00293422 0.900926 1.79074
-0.626323 0.532203 2.108 -0.3134 0.840975 2.03201 0.00174534 0.876129 1.79074
-0.325792 0.799668 2.03458 -0.640067 0.511082 2.1 -0.0119985 0.855008 1.79074
-0.334819 0.752603 2.03759 -0.046697 0.755214 1.7485
-0.625933 0.460433 2.103 -0.337742 0.705364 2.04083 -0.0521021 0.715551 1.76123
-0.334625 0.651564 2.044 -0.621588 0.421223 2.11 -0.0671318 0.61352 1.91369
-0.0676134 0.554333 1.91354
-0.580257 0.336899 2.122 -0.309207 0.557707 2.04782 -0.0262819 0.470009 1.91354
-0.286785 0.51281 2.04883 -0.546383 0.310212 2.114 0.00759148 0.443322 1.91354
-0.261762 0.471701 2.04962 -0.520014 0.28568 2.114 0.0548499 0.83463 0.88717
-0.236083 0.434779 2.05207 -0.485152 0.265833 2.123 0.0637014 0.238005 1.96061
0.086156 0.199416 1.93206
-0.18908 0.371952 2.06394 -0.444314 0.258955 2.123 0.0696299 -0.189553 0.939407
-0.169752 0.345877 2.0711 -0.409216 0.231684 2.125 0.119243 0.138622 1.97477
-0.150362 0.321235 2.07913 0.140274 0.0374609 1.7814
-0.389699 0.240024 2.147 -0.133414 0.298696 2.0882 0.151524 0.0456748 1.8475
-0.119438 0.280924 2.09725 0.154131 0.00470722 1.78032
-0.348788 0.247297 2.161 -0.10468 0.262318 2.10768 0.173596 0.0206667 1.8708
-0.0906195 0.245523 2.11798 -0.343512 0.229111 2.179 0.178279 -0.00868119 1.84235
-0.0751335 0.230262 2.12954 0.184945 -0.0236219 1.83257
-0.343871 0.234958 2.202 -0.0600374 0.218839 2.13959 0.214255 -0.0205701 1.89327
-0.0408034 0.208308 2.14863 -0.334088 0.260714 2.212 0.215458 -0.0528421 1.80313
-0.0165168 0.19859 2.15553 0.225876 -0.060559 1.83077
-0.295168 0.25038 2.231 0.0134906 0.189767 2.15973 0.242751 -0.0519557 1.8505
0.0532901 0.181194 2.16095 -0.266709 0.264203 2.23 0.266907 -0.0440347 1.91826
-0.220681 0.254511 2.23 0.102747 0.171608 2.15953 0.288052 -0.0638373 1.86547
0.160503 0.162262 2.15667 0.3294 -0.0764858 1.88405
-0.134443 0.206525 2.231 0.231813 0.152379 2.15392 0.370309 -0.0952323 1.839
0.30352 0.144532 2.15195 -0.105999 0.210229 2.235 0.231353 -0.106869 1.66176
0.381722 0.138385 2.15073 -0.052007 0.196687 2.231 0.285346 -0.120412 1.66176
0.453142 0.136522 2.14873 0.339338 -0.133954 1.66176
0.0989296 0.183636 2.218 0.529231 0.136928 2.14541 0.855729 -0.138709 2.16056
0.601935 0.138583 2.14137 0.975399 -0.1406 1.96673
0.212902 0.2313 2.214 0.688766 0.142767 2.13627 1.01697 -0.134255 1.89901
0.762696 0.146101 2.13231 1.08446 -0.134445 1.93867
0.327257 0.222547 2.21 0.837484 0.14716 2.12782 1.11295 -0.130661 1.87602
0.905583 0.145095 2.1232 0.374401 0.225553 2.208 1.16467 -0.124994 1.8758
0.974541 0.136705 2.11752 0.425551 0.235776 2.207 1.21788 -0.123214 1.88747
0.497423 0.23812 2.198 1.0342 0.12201 2.11266 1.24193 -0.13902 1.8399
1.09365 0.100818 2.10621 0.558849 0.217384 2.195 1.30676 -0.163369 1.87828
1.14947 0.0758349 2.09622 0.591 0.202013 2.195 1.34044 -0.190464 1.86013
1.20673 0.0445296 2.08385 0.646911 0.20041 2.179 1.36729 -0.210288 1.84545
1.25777 0.0121519 2.07318 0.691976 0.186965 2.175 1.40322 -0.246834 1.83079
1.26498 0.00736051 2.07183 0.696245 0.18402 2.173 1.39728 -0.238941 1.82689
