0.0930702 -0.0241992 1.077
0.130295 -0.0225335 1.24
0.196235 0.00690176 1.414
0.22731 0.000389863 1.414
0.258814 0.0315919 1.483
0.319549 0.068816 1.704
0.340112 0.0949698 1.753
0.333489 0.0988063 1.753
0.341314 0.147089 1.808
0.287004 0.138642 1.84
0.285753 0.151421 1.886
0.282181 0.129261 1.905
0.306282 0.141019 1.923
0.288805 0.117725 1.941
0.312728 0.0882739 1.966
0.32555 0.101607 1.981
0.368413 0.143413 2.056
0.371242 0.139211 2.079
0.400761 0.128619 2.121
0.388831 0.0496398 2.112
0.374299 0.0449935 2.068
0.327778 0.0982338 2.05
0.285455 0.118925 2.054
0.264441 0.138342 2.07
0.283383 0.127912 2.102
0.287854 0.128433 2.117
0.425322 0.161878 2.185
0.451643 0.169796 2.189
0.451505 0.205699 2.209
0.487679 0.16485 2.252
0.490127 0.168944 2.266
0.509426 0.1466 2.298
0.559919 0.159796 2.325
0.568956 0.193447 2.341
0.61095 0.221803 2.355
0.704853 0.230631 2.386
0.757153 0.183105 2.333
0.792673 0.170056 2.236
0.807387 0.151407 2.107
0.838046 0.177822 1.983
0.862588 0.172839 1.908
0.901812 0.199388 1.838
0.932626 0.208523 1.804
0.996115 0.23294 1.743
1.06514 0.224153 1.6
1.1808 0.217268 1.525
1.25384 0.202562 1.485
1.30072 0.226258 1.472
1.3437 0.253586 1.46
1.34226 0.265547 1.454
1.37093 0.261872 1.459
1.37549 0.269524 1.469
1.38035 0.248954 1.485
1.39811 0.248762 1.489
1.40369 0.274771 1.521
1.42593 0.293206 1.549
1.42731 0.281442 1.563
1.41242 0.27732 1.582
1.42058 0.259506 1.603
1.4057 0.275743 1.63
1.40508 0.279414 1.642
1.39389 0.281647 1.642
1.39229 0.280562 1.653
1.39506 0.264749 1.669
1.39574 0.242595 1.688
1.38852 0.230768 1.69
1.36945 0.247699 1.708
1.36076 0.272098 1.716
1.3251 0.313624 1.73
1.27045 0.374974 1.747
1.26419 0.418624 1.757
1.25005 0.449635 1.765
1.28729 0.546832 1.798
1.27764 0.604404 1.812
1.28558 0.691345 1.822
1.29697 0.753072 1.824
1.30735 0.797371 1.842
1.32198 0.787227 1.843
1.33627 0.783552 1.851
1.36983 0.752859 1.857
1.38664 0.750832 1.863
1.39584 0.779273 1.871
1.41908 0.899476 1.887
1.41954 0.960904 1.887
1.40379 1.02712 1.888
1.40246 1.08916 1.885
1.39897 1.13787 1.882
1.43113 1.17664 1.879
1.48258 1.21802 1.892
1.47169 1.24918 1.867
1.51086 1.26743 1.867
1.52656 1.28094 1.87
1.45518 1.2997 1.897
1.4323 1.30767 1.905
1.42988 1.28757 1.911
1.42819 1.25668 1.912
1.41264 1.25341 1.916
1.37268 1.241 1.929
1.33016 1.25801 1.946
1.27899 1.28366 1.968
1.25324 1.32878 1.982
1.23395 1.33563 2.009
1.13962 1.33848 2.035
1.03152 1.3424 2.077
0.979598 1.35818 2.085
0.915262 1.37396 2.103
0.875127 1.392 2.122
0.804147 1.42535 2.123
0.780545 1.4344 2.165
0.743804 1.42064 2.187
0.700175 1.42315 2.187
0.689291 1.40379 2.22
0.656362 1.37838 2.227
0.523483 1.32667 2.266
0.423936 1.30107 2.249
0.347737 1.27984 2.243
0.272345 1.25481 2.228
0.212328 1.22952 2.223
0.175605 1.22271 2.219
0.111887 1.25503 2.213
0.0471772 1.27258 2.205
-0.0158237 1.26396 2.198
-0.0342711 1.25898 2.19
-0.0546872 1.29089 2.168
-0.0824611 1.30301 2.166
-0.0987131 1.32104 2.156
-0.194043 1.28382 2.135
-0.255849 1.26795 2.123
-0.334879 1.26489 2.106
-0.412893 1.23845 2.097
-0.488999 1.14118 2.08
-0.515172 1.09378 2.08
-0.558831 1.07409 2.064
-0.53171 1.05982 2.042
-0.500242 1.05913 2.042
-0.458228 0.997368 2.042
-0.418918 0.970193 2.042
-0.355904 0.931009 2.043
-0.295125 0.886353 2.057
-0.255589 0.898485 2.061
-0.233645 0.904331 2.066
-0.196383 0.867632 2.074
-0.184807 0.85186 2.076
-0.193798 0.821853 2.082
-0.19529 0.737467 2.098
-0.215553 0.662631 2.103
-0.212907 0.639547 2.108
-0.241711 0.602712 2.108
-0.241803 0.565516 2.103
-0.233415 0.531323 2.11
-0.22065 0.491672 2.11
-0.196583 0.442573 2.122
-0.16271 0.415886 2.114
-0.138974 0.399626 2.114
-0.0996961 0.373373 2.123
-0.0922884 0.362821 2.123
-0.0710089 0.355519 2.125
-0.0456414 0.331589 2.139
-0.0242901 0.318577 2.147
0.00373897 0.257017 2.179
0.0119454 0.231222 2.188
00.0301297 0.279099 2.212
0.0709197 0.280788 2.231
0.149853 0.264167 2.23
0.239767 0.227616 2.231
0.274653 0.22597 2.231
0.359098 0.248743 2.218
0.426976 0.261174 2.216
0.508957 0.23036 2.216
0.570445 0.256575 2.214
0.619364 0.288658 2.217
0.71512 0.325676 2.208
0.829226 0.342146 2.198
0.883427 0.309984 2.195
0.92257 0.29849 2.195
0.983404 0.301973 2.179
1.00684 0.302448 2.175
1.04585 0.273331 2.167
1.13266 0.228878 2.152
1.157 0.209252 2.127
1.3 0.205878 2.109
1.32352 0.201069 2.103
1.38913 0.188772 2.093
1.44274 0.193802 2.089
1.48454 0.187155 2.084
1.54495 0.205858 2.074
1.5778 0.218901 2.073
1.62887 0.241018 2.074
1.68923 0.272676 2.081
1.70181 0.288644 2.082
1.69228 0.305787 2.087
1.69471 0.31248 2.087
1.68854 0.377689 2.085
1.65673 0.474985 2.097
1.64792 0.52764 2.114
1.64587 0.57839 2.108
1.62299 0.630376 2.108
1.62755 0.674305 2.12
1.63233 0.727048 2.127
1.61523 0.767571 2.147
1.5698 0.788373 2.161
1.54449 0.814109 2.174
1.52162 0.855747 2.174
1.49953 0.900858 2.161
1.47477 0.934557 2.16
1.4602 0.968345 2.154
1.43082 1.04929 2.152
1.42092 1.24394 2.153
1.40429 1.31223 2.153
1.42407 1.41597 2.154
1.42546 1.51054 2.156
1.51738 1.64203 2.151
1.51696 1.72959 2.137
1.53238 1.7758 2.122
1.52112 1.78034 2.123
1.51863 1.826 2.123
1.51785 1.83124 2.116
1.49194 1.8371 2.135
1.40461 1.81409 2.135
1.29862 1.79564 2.135
1.19818 1.79833 2.119
1.1181 1.77368 2.078
1.04193 1.74213 2.107
0.948986 1.70607 2.107
0.855983 1.70495 2.163
0.721479 1.68162 2.174
0.59087 1.63994 2.179
0.478265 1.66901 2.195
0.432905 1.67816 2.214
0.383408 1.67054 2.233
0.322115 1.69612 2.254
0.264662 1.76359 2.275
0.237964 1.77691 2.279
0.212564 1.78403 2.293
0.188746 1.77759 2.3
0.164421 1.76588 2.309
0.158139 1.76248 2.313
0.134792 1.76587 2.314
0.12855 1.77372 2.314
0.120485 1.77234 2.314
0.130283 1.76262 2.314
0.116159 1.75665 2.313
0.0857211 1.75793 2.31
0.0554032 1.76027 2.308
0.0383143 1.74988 2.298
0.0333967 1.70509 2.298
0.0283995 1.64651 2.29
0.0515233 1.57758 2.285
0.0671604 1.50416 2.273
0.140117 1.37165 2.253
0.169592 1.2706 2.239
0.194864 1.12292 2.198
0.174263 0.99115 2.171
0.139259 0.884622 2.147
0.145066 0.725365 2.101
0.132236 0.656059 2.095
0.137669 0.617298 2.095
0.173318 0.543941 2.039
0.220654 0.45302 2.011
0.245754 0.416137 2.009
0.260335 0.363946 2
0.260463 0.274483 1.991
0.255039 0.193819 1.982
0.274208 0.170675 1.982
0.296758 0.146522 1.975
0.314822 0.122499 1.97
0.321457 0.136578 1.97
0.335643 0.154363 1.977
0.363554 0.165463 1.977
0.41782 0.192917 1.979
0.500944 0.206436 1.99
0.563559 0.218934 1.999
0.628799 0.232381 1.999
0.700023 0.233239 2.004
0.754843 0.270741 2.01
0.820441 0.300254 2.017
0.871522 0.322002 2.017
0.92453 0.363817 2.013
1.0063 0.349949 2.025
1.05885 0.340637 2.037
1.0978 0.335018 2.037
1.12107 0.330991 2.023
1.20376 0.299148 2.006
1.25498 0.280899 2.004
1.31813 0.247725 2
1.40966 0.196377 2.009
1.4501 0.178618 2.002
1.49045 0.194795 1.993
1.53119 0.190478 1.993
1.604 0.212411 1.981
1.68337 0.23299 1.975
1.73534 0.250594 1.975
1.81552 0.278129 1.976
1.83212 0.290515 1.983
1.8835 0.334918 1.981
1.88151 0.378068 1.976
1.87821 0.443761 1.98
1.84645 0.524418 1.96
1.83824 0.551396 1.958
1.82119 0.599466 1.948
1.81183 0.63867 1.939
1.80058 0.686956 1.936
1.7915 0.740685 1.936
1.78354 0.790642 1.947
1.74429 0.873644 1.956
1.72672 0.931603 1.963
1.70262 0.978571 1.978
1.68239 1.02515 2.001
1.62115 1.15229 2.005
1.61541 1.2393 2.005
1.61222 1.31145 2.013
1.60615 1.37895 2.028
1.60955 1.4464 2.042
1.57718 1.51419 2.049
1.58994 1.54147 2.062
1.59233 1.5419 2.067
1.61445 1.55643 2.074
1.61315 1.57803 2.092
1.6299 1.59808 2.118
1.65031 1.63744 2.122
1.66272 1.64839 2.144
1.64582 1.64423 2.166
1.61681 1.61651 2.188
1.59796 1.60606 2.195
1.51345 1.60181 2.22
1.43461 1.59767 2.22
1.39151 1.56768 2.22
1.24052 1.5148 2.242
1.17071 1.50071 2.251
1.09439 1.48058 2.251
0.999367 1.45869 2.249
0.879807 1.38685 2.249
0.833862 1.37926 2.2
0.780923 1.35012 2.2
0.698889 1.3736 2.194
0.597968 1.40345 2.199
0.515488 1.39984 2.243
0.446358 1.4081 2.229
0.385828 1.41728 2.205
0.320551 1.43068 2.182
0.287867 1.41832 2.161
0.278705 1.39574 2.135
0.273816 1.35453 2.132
0.273436 1.29293 2.121
0.290871 1.22855 2.098
0.286809 1.15061 2.091
0.291069 1.07445 2.084
0.284112 0.988504 2.084
0.266017 0.842274 2.078
0.265198 0.748574 2.071
0.272446 0.642059 2.06
0.285274 0.517097 2.047
0.291542 0.467282 2.028
0.3055 0.401143 2.028
0.341334 0.368826 2.028
0.359368 0.323782 2.005
0.352077 0.282291 2.004
0.358955 0.250817 1.99
0.330349 0.213799 1.99
0.352624 0.208641 1.979
0.34558 0.192553 1.968
0.369907 0.192014 1.965
0.437361 0.236942 1.982
0.446589 0.256117 1.983
0.452966 0.236704 1.998
0.478167 0.241631 2.008
0.489007 0.247619 2.014
0.547412 0.315827 1.973
0.532329 0.343621 1.874
0.510665 0.402245 1.741
0.487856 0.39754 1.639
0.477342 0.391308 1.518
0.483326 0.406021 1.42
0.514987 0.439044 1.295
0.554997 0.46699 1.175
0.530179 0.481881 0.898
