0.111035 -0.0417285 0.27151 0.111031 -0.0417223 0.271506 0.111031 -0.0417223 0.271506 0.111036 -0.041731 0.271504 0.111033 -0.0417302 0.271502 0.111033 -0.0417302 0.271502 0.111031 -0.0417247 0.271503 0.111031 -0.0417247 0.271503 0.111036 -0.041726 0.271512 0.111032 -0.0417238 0.271497 0.111032 -0.0417238 0.271497 0.111032 -0.0417271 0.271509 0.111032 -0.0417271 0.271509 0.111038 -0.0417265 0.271506 0.111033 -0.0417299 0.271503 0.111033 -0.0417299 0.271503 0.111032 -0.0417283 0.271495 0.111032 -0.0417283 0.271495 0.111037 -0.0417257 0.271507 0.111035 -0.0417276 0.271509 0.111035 -0.0417276 0.271509 0.111031 -0.0417261 0.271504 0.111031 -0.0417261 0.271504 0.111033 -0.0417303 0.271502 0.111047 -0.0417249 0.271506 0.111047 -0.0417249 0.271506 0.111035 -0.0417249 0.27151 0.111035 -0.0417249 0.27151 0.111036 -0.0417235 0.271509 0.111033 -0.0417256 0.271503 0.111033 -0.0417256 0.271503 0.111032 -0.0417268 0.271508 0.111032 -0.0417268 0.271508 0.111035 -0.0417269 0.271504 0.111032 -0.0417259 0.271499 0.111032 -0.0417259 0.271499 0.111032 -0.0417214 0.271498 0.111032 -0.0417214 0.271498 0.111033 -0.0417265 0.271499 0.111032 -0.0417302 0.271502 0.111032 -0.0417302 0.271502 0.111032 -0.041732 0.2715 0.111032 -0.041732 0.2715 0.111032 -0.0417229 0.271507 0.111031 -0.041726 0.271507 0.111031 -0.041726 0.271507 0.111033 -0.0417325 0.271502 0 0 0
0.111029 -0.0417305 0.271497 0 0 0
0.111038 -0.041727 0.2715 0 0 0
0.111036 -0.0417283 0.271501 0 0 0
0.111031 -0.0417296 0.2715 0 0 0
0.111035 -0.0417314 0.271501 0 0 0
0.111033 -0.041729 0.271493 0 0 0
0.111032 -0.0417295 0.271503 0 0 0
0 0 0
0.11103 -0.0417281 0.271508 0 0 0
0.111033 -0.0417298 0.271504 0 0 0
0.111031 -0.0417303 0.271501 0 0 0
0.11103 -0.0417316 0.271496 0 0 0
0.111032 -0.0417355 0.271494 0 0 0
0.111026 -0.041731 0.271493 0 0 0
0.11103 -0.0417314 0.271497 0 0 0
0.111026 -0.0417298 0.271496 0 0 0
0.111025 -0.0417296 0.271505 0 0 0
0.111029 -0.041729 0.271502 0 0 0
0.111027 -0.0417289 0.2715 0 0 0
0.111047 -0.0417269 0.271506 0 0 0
0.11104 -0.0417021 0.271516 0 0 0
0 0 0
0.111054 -0.0416878 0.271532 0 0 0
0.111058 -0.0416919 0.271533 0 0 0
0.111059 -0.0416933 0.271523 0 0 0
0.11106 -0.0417012 0.27152 0 0 0
0.111066 -0.0416973 0.271527 0 0 0
0.111057 -0.0416919 0.271522 0 0 0
0.111055 -0.0416917 0.271532 0 0 0
0.111058 -0.0416904 0.271514 0 0 0
0.111167 -0.0415769 0.271569 0 0 0
0.111162 -0.0415743 0.271584 0 0 0
0.111194 -0.041554 0.271576 0 0 0
0.111185 -0.0415664 0.271586 0 0 0
0.111187 -0.04154 0.271591 0 0 0
0.111212 -0.0415396 0.271598 0 0 0
0.111199 -0.0415567 0.271593 0 0 0
0.111193 -0.0415616 0.271593 0 0 0
0.111187 -0.0415528 0.271594 0 0 0
0.111198 -0.0415585 0.271591 0 0 0
0.111185 -0.0415447 0.271598 0 0 0
0.111189 -0.0415478 0.27159 0 0 0
0.111209 -0.0415422 0.271595 0 0 0
0.111207 -0.0415422 0.271593 0 0 0
0.111214 -0.041534 0.271603 0 0 0
0.111214 -0.0415438 0.271598 0 0 0
0.111197 -0.0415584 0.271588 0 0 0
0 0 0
0.111202 -0.0415285 0.271601 0 0 0
0.111215 -0.0415263 0.271591 0 0 0
0.111217 -0.0415225 0.271584 0 0 0
0.111209 -0.0415373 0.271581 0 0 0
0.111203 -0.0415363 0.271583 0 0 0
0.111211 -0.0415381 0.271595 0 0 0
0.111199 -0.0415495 0.271589 0 0 0
0.111189 -0.0415502 0.271589 0 0 0
0.111174 -0.0415607 0.271581 0 0 0
0.111195 -0.0415533 0.271586 0 0 0
0.111211 -0.0415333 0.271591 0 0 0
0.111198 -0.0415314 0.271593 0 0 0
0.111199 -0.0415273 0.271588 0 0 0
0 0 0
0.111217 -0.0415194 0.271601 0 0 0
0.111224 -0.0415228 0.271598 0 0 0
0.11121 -0.0415189 0.271615 0 0 0
0.11124 -0.0415036 0.271615 0 0 0
0.111256 -0.0414604 0.271649 0 0 0
0.111342 -0.0413333 0.271709 0 0 0
0.111443 -0.0412854 0.271748 0 0 0
0.11146 -0.0412569 0.271834 0 0 0
0.111671 -0.0410911 0.271946 0 0 0
0.111956 -0.0408659 0.272214 0 0 0
0.112026 -0.0406706 0.272753 0 0 0
0.116387 -0.0415272 0.284777 0 0 0
0.130874 -0.0400046 0.338733 0 0 0
0.170405 -0.0384745 0.459948 0 0 0
0 0 0
0.289559 -0.0376342 0.75579 0 0 0
0.359671 -0.0387218 0.910649 0 0 0
0.434905 -0.0407829 1.07654 0 0 0
0.0695897 -0.0131691 1.156 0.504769 -0.0432957 1.23477 0.0695897 -0.0131691 0
0.569389 -0.0458176 1.38085 0.116305 -0.0219424 1.24 0.116305 -0.0219424 0
0.627939 -0.0483001 1.48022 0.1647 -0.00107915 1.414 0.1647 -0.00107915 0
0.191936 -0.00678639 1.414 0.681747 -0.0502176 1.53985 0.191936 -0.00678639 0
0.947132 0.0604625 1.71396
0.774386 -0.0533765 1.60092 0.272558 0.0319212 1.656 0.985916 0.0538227 1.73878
1.02995 0.0542449 1.75883
0.855072 -0.0563122 1.64208 0.300061 0.0545534 1.704 1.05355 0.0472018 1.77168
0.881184 -0.0573188 1.65858 1.08631 0.0385937 1.79413
0.306996 0.0572816 1.753 0.89785 -0.057852 1.67472 1.09685 0.0332563 1.81128
0.906777 -0.0581206 1.69144 0.316775 0.0613059 1.753 1.09311 0.0415653 1.80569
1.17111 0.0623058 1.63711
0.904643 -0.0577391 1.72437 0.323556 0.103152 1.808 1.10826 0.0404321 1.83654
0.9003 -0.057488 1.74202 1.11051 0.0365528 1.86684
0.279717 0.101967 1.84 0.89694 -0.0574419 1.76248 1.10895 0.0268287 1.87673
0.897166 -0.057498 1.78129 0.260292 0.0969025 1.849 1.15341 0.0464351 1.68932
0.901974 -0.057834 1.80072 0.274103 0.0868877 1.871 1.16319 0.0506439 1.6803
0.910341 -0.0590899 1.82118 0.266736 0.0825628 1.893 1.15583 0.0463189 1.6803
0.919859 -0.0611226 1.84033 0.287264 0.0869321 1.922 1.17636 0.0506883 1.6803
0.929312 -0.0634939 1.85995 1.28318 0.0552918 1.61214
0.251195 0.0787884 1.955 0.937285 -0.0668038 1.88057 1.40087 0.0537709 1.74882
0.945396 -0.0696515 1.9033 0.269124 0.0567163 1.966 1.29795 0.0555687 1.64318
0.281947 0.0700491 1.981 0.952191 -0.0715237 1.92712 1.30053 0.0545721 1.63788
0.95756 -0.0720708 1.95077 1.33005 0.0340385 1.71839
0.30157 0.103149 2.026 0.962407 -0.0720382 1.97737 1.32367 0.040286 1.67368
0.966002 -0.0715682 2.00118 0.321462 0.11531 2.061 1.32534 0.0359484 1.71247
0.967442 -0.0726079 2.02117 0.341781 0.0948202 2.095 1.34566 0.0154581 1.71247
0.966572 -0.0738579 2.02489 1.36598 -0.00503224 1.71247
0.359396 0.0881874 2.121 0.962639 -0.0751536 2.01077 1.37099 -0.0143479 1.70901
0.955486 -0.0761447 1.97962 0.375084 0.063273 2.121 1.3725 -0.0397484 1.75403
0.944775 -0.0752924 1.95624 1.35177 -0.0199994 1.70523
0.351459 0.0557196 2.068 0.930497 -0.0709943 1.95035 1.32814 -0.0275528 1.70523
0.916513 -0.0636855 1.95628 0.353516 0.054757 2.052 1.3302 -0.0285154 1.70523
0.90339 -0.0514762 1.96923 0.330249 0.0813842 2.05 1.30693 -0.00188826 1.70523
0.894444 -0.0374695 1.98458 0.291791 0.0917771 2.054 1.26848 0.00850462 1.70523
0.891958 -0.0213412 2.00221 0.257319 0.113612 2.07 1.20798 0.0266053 1.69563
0.89754 -0.00516189 2.0227 1.22567 0.0470576 1.716
0.2571 0.104399 2.102 0.909761 0.00673755 2.04191 1.23727 0.0523183 1.7407
0.926981 0.0155581 2.0607 0.257184 0.113092 2.117 1.24983 0.0547183 1.74762
0.946291 0.0222248 2.07945 0.287374 0.109592 2.131 1.28002 0.0512186 1.74762
0.967053 0.0277097 2.09946 1.31021 0.0477189 1.74762
0.335042 0.132247 2.185 0.987272 0.0317975 2.11978 1.35788 0.070374 1.74762
0.382856 0.146794 2.201 1.00392 0.0342491 2.13953 1.40569 0.0849203 1.74762
1.01841 0.0342178 2.15919 0.374748 0.171663 2.216 1.47955 0.102656 1.82898
1.03143 0.030125 2.17919 0.399637 0.186678 2.252 1.48327 0.0785358 1.84551
1.04499 0.0219537 2.20035 0.412004 0.162458 2.252 1.49777 0.0813349 1.83877
1.05819 0.0114637 2.21993 1.59267 0.0629776 2.08844
0.453979 0.145384 2.314 1.07504 -0.00233927 2.24086 1.61058 0.0316268 2.10596
1.09489 -0.0159976 2.26291 0.511293 0.133496 2.325 1.62848 0.0226057 2.11423
1.11496 -0.0292817 2.28319 0.530463 0.149738 2.341 1.6479 0.00738137 2.15014
1.13657 -0.0426256 2.29446 0.576025 0.181216 2.368 1.6656 0.00342076 2.14613
1.15772 -0.0569915 2.27853 0.565883 0.162251 2.386 1.6729 0.000283833 2.14794
1.17778 -0.0720949 2.22605 1.67705 -0.0246155 2.12217
0.631962 0.107051 2.333 1.1983 -0.0887006 2.13885 1.7654 0.00201086 2.1801
1.22037 -0.108587 2.04202 1.75885 -0.0261068 2.10771
0.677824 0.0951547 2.236 1.24339 -0.12902 1.95961 1.75643 -0.025316 2.00722
1.26961 -0.151778 1.88865 1.7812 -0.0706297 2.0511
0.717046 0.126544 2.019 1.29887 -0.171424 1.82592 1.82042 -0.0392408 2.0511
1.32911 -0.185258 1.77105 0.741447 0.127276 1.965 1.84482 -0.0385079 2.0511
1.36541 -0.193028 1.71297 0.765708 0.118395 1.908 1.8505 -0.102587 1.89057
0.795895 0.148314 1.838 1.4039 -0.194096 1.65725 1.87574 -0.118544 1.82878
1.44971 -0.190673 1.59507 0.838456 0.144557 1.762 1.99003 -0.152808 2.08976
1.49363 -0.185022 1.5394 0.881466 0.17259 1.702 2.00797 -0.138965 2.00175
1.54031 -0.179826 1.49036 2.05098 -0.110932 2.00175
0.944221 0.183157 1.6 1.58755 -0.176165 1.45497 2.11373 -0.100364 2.00175
1.63263 -0.174143 1.43038 0.988799 0.198943 1.573 2.15831 -0.0845783 2.00175
1.67992 -0.173526 1.41055 1.04404 0.216077 1.537 2.21355 -0.0674447 2.00175
1.72628 -0.174296 1.39482 1.09183 0.204025 1.505 2.26134 -0.0794969 2.00175
1.76994 -0.173454 1.38239 1.11164 0.207434 1.497 2.28115 -0.0760875 2.00175
1.80946 -0.170565 1.37351 1.15869 0.207927 1.484 2.3282 -0.075595 2.00175
2.37526 -0.0751025 2.00175
1.868 -0.156315 1.36302 1.18045 0.237609 1.461 2.39701 -0.0454198 2.00175
1.89195 -0.145779 1.36174 2.41876 -0.0157371 2.00175
1.18121 0.258982 1.457 1.91014 -0.136188 1.36486 2.41952 0.00563585 2.00175
2.42028 0.0270088 2.00175
1.93994 -0.117348 1.3803 1.18133 0.246399 1.459 2.42041 0.0144256 2.00175
1.95232 -0.108655 1.39003 2.42053 0.00184251 2.00175
1.19611 0.248611 1.469 1.9645 -0.0990311 1.40027 2.43532 0.00405434 2.00175
1.97715 -0.0871036 1.41209 1.21041 0.2278 1.485 2.44961 -0.0167565 2.00175
1.98816 -0.0736588 1.42388 1.22517 0.244874 1.497 2.46438 0.000316807 2.00175
1.99789 -0.0577076 1.43718 1.22274 0.254677 1.513 2.46195 0.0101202 2.00175
2.0052 -0.0419656 1.45084 1.22873 0.270477 1.521 2.46794 0.0259198 2.00175
2.01045 -0.0246522 1.466 2.47393 0.0417193 2.00175
1.22396 0.299501 1.549 2.01279 -0.00895989 1.48039 2.46916 0.070744 2.00175
2.01228 0.00623033 1.49425 1.93487 0.285229 1.33902
1.20752 0.31425 1.582 2.00897 0.0211555 1.5081 1.93423 0.289644 1.34653
2.00266 0.0349862 1.52156 1.92129 0.302002 1.38993
1.21526 0.339261 1.603 1.99431 0.0484655 1.5344 1.91614 0.306713 1.37813
1.98231 0.0613455 1.54645 1.91038 0.305231 1.39152
1.19449 0.307555 1.634 1.96842 0.0726096 1.55781 1.89788 0.316122 1.38818
1.95424 0.0811137 1.56895 1.18883 0.312745 1.642 1.88533 0.31619 1.3875
1.18304 0.305521 1.65 1.87955 0.308967 1.3875
1.92241 0.0923609 1.59249 1.87376 0.301743 1.3875
1.18856 0.271513 1.669 1.90663 0.0973059 1.60332 1.87927 0.267735 1.3875
1.89073 0.104334 1.61299 1.19276 0.244648 1.688 1.88347 0.240871 1.3875
1.8751 0.117404 1.62235 1.18643 0.241173 1.705 1.87714 0.237395 1.3875
1.85981 0.141617 1.63292 1.17138 0.254972 1.708 1.86209 0.251194 1.3875
1.84606 0.178163 1.64353 1.84705 0.264993 1.3875
1.1106 0.310047 1.73 1.83499 0.223813 1.65296 1.78087 0.355824 1.42293
1.82623 0.279936 1.66225 1.08762 0.349926 1.735 1.75789 0.395704 1.42293
1.82121 0.339721 1.67285 1.0674 0.377555 1.747 1.73768 0.423332 1.42293
1.81951 0.400594 1.68573 1.06113 0.419087 1.757 1.73141 0.464864 1.42293
1.82171 0.457785 1.69895 1.72513 0.506396 1.42293
1.08664 0.47982 1.779 1.82762 0.516651 1.7119 1.75065 0.56713 1.42293
1.77616 0.627863 1.42293
1.84646 0.626095 1.73178 1.10395 0.547065 1.798 1.79347 0.695108 1.42293
1.85655 0.673514 1.73996 1.09551 0.597471 1.812 1.78502 0.745513 1.42293
1.86543 0.713781 1.74704 1.77657 0.795919 1.42293
1.09119 0.683855 1.822 1.8751 0.750095 1.75336 1.77225 0.882304 1.42293
1.09499 0.726013 1.824 1.88691 0.780707 1.75863 1.77606 0.924461 1.42293
1.89994 0.800061 1.76273 1.10072 0.757829 1.837 1.78179 0.956278 1.42293
1.91681 0.809113 1.76799 1.11891 0.781185 1.837 1.79998 0.979634 1.42293
1.93528 0.80776 1.77427 1.10314 0.788084 1.843 1.84536 0.74717 1.52478
1.95652 0.801075 1.78181 1.10828 0.791624 1.843 1.88082 0.752286 1.59333
1.98022 0.795641 1.78952 1.13051 0.775489 1.857 1.90305 0.736151 1.59333
2.00465 0.799519 1.79681 1.15008 0.749895 1.863 1.92263 0.710557 1.59333
2.03122 0.819961 1.80487 1.99065 0.740697 1.57139
1.16494 0.789973 1.871 2.05776 0.858695 1.81306 2.00689 0.760767 1.5544
2.08134 0.913872 1.81895 2.02746 0.810832 1.53117
1.18652 0.901585 1.887 2.10137 0.98096 1.82145 2.03985 0.862021 1.5809
2.11722 1.04808 1.82149 1.19288 0.972509 1.887 2.15692 0.93393 1.65181
2.13098 1.11408 1.81982 1.18055 1.02338 1.888 2.14459 0.984804 1.65181
2.14339 1.17165 1.81872 1.18259 1.05556 1.885 2.14663 1.01698 1.65181
1.19644 1.09411 1.885 2.15666 1.22565 1.81673 2.16048 1.05553 1.65181
2.16847 1.27334 1.81407 1.20288 1.13408 1.885 2.16691 1.0955 1.65181
2.17922 1.31326 1.81117 2.17335 1.13547 1.65181
1.25469 1.17432 1.878 2.1877 1.34653 1.80835 2.22516 1.17571 1.65181
2.19345 1.37689 1.8065 1.25765 1.19991 1.879 2.22812 1.2013 1.65181
2.19775 1.40129 1.80761 1.27968 1.21762 1.892 2.25015 1.21901 1.65181
2.19898 1.42013 1.81239 1.27261 1.25117 1.892 2.24308 1.25256 1.65181
2.198 1.43291 1.8198 1.26758 1.26556 1.867 2.26398 1.62282 1.68142
2.19587 1.43962 1.82734 1.29587 1.27109 1.867 2.29228 1.62836 1.68142
1.32103 1.28894 1.87 2.19154 1.44374 1.83463 2.31743 1.6462 1.68142
2.18509 1.44562 1.8403 1.33189 1.30065 1.882 2.3283 1.65791 1.68142
2.1754 1.44666 1.8446 2.33917 1.66962 1.68142
1.28121 1.29617 1.905 2.16343 1.44742 1.84729 2.28848 1.66514 1.68142
2.1495 1.44837 1.84981 1.26421 1.31188 1.909 2.29125 1.65047 1.63351
2.27919 1.65601 1.65708
2.10901 1.45384 1.85999 1.27178 1.25347 1.912 2.28676 1.59761 1.65708
2.08053 1.46389 1.87185 1.25377 1.24438 1.916 2.26875 1.58851 1.65708
2.04765 1.47913 1.88641 1.22568 1.23234 1.934 2.24066 1.57647 1.65708
2.21258 1.56443 1.65708
1.96559 1.52781 1.92027 1.12581 1.26662 1.968 2.1127 1.59871 1.65708
1.92034 1.55602 1.93658 1.09354 1.29182 1.977 2.08044 1.62391 1.65708
1.87149 1.58582 1.95091 1.08049 1.31473 1.982 1.89107 1.75867 1.77725
1.82263 1.61473 1.96225 1.04931 1.33282 2.009 1.82334 1.79065 1.80747
1.77253 1.64251 1.97183 1.01468 1.35013 2.017 1.79233 1.81775 1.81913
1.71553 1.67063 1.98429 0.97873 1.3456 2.029 1.76076 1.8244 1.83796
1.65644 1.69625 1.99853 0.916439 1.34521 2.046 1.71307 1.85886 1.86149
1.5951 1.72132 2.01444 0.877507 1.35278 2.092 1.67613 1.86189 1.79725
1.53703 1.74466 2.03025 0.825108 1.35539 2.077 1.63122 1.88709 1.80702
1.4803 1.76756 2.0477 0.779369 1.36 2.085 1.58548 1.8917 1.80702
1.43318 1.78642 2.06497 1.53974 1.89632 1.80702
0.711537 1.37733 2.122 1.39147 1.80314 2.08293 1.32205 2.02023 2.1515
1.35461 1.81343 2.10043 0.694273 1.39643 2.122 1.30623 2.0677 2.31596
1.32321 1.81669 2.11528 0.656097 1.41436 2.123 1.26338 2.03802 2.217
0.629712 1.4248 2.165 1.29355 1.81384 2.12871 1.20469 2.05078 2.10452
1.26398 1.80561 2.14032 0.597493 1.41273 2.187 1.21541 1.99491 2.22937
1.2285 1.7924 2.15198 0.553864 1.41525 2.187 1.20103 1.98941 2.25244
1.18652 1.77712 2.16346 1.05659 1.96092 2.04923
0.502873 1.37069 2.227 1.13433 1.76178 2.17207 1.00559 1.91636 2.04923
1.0698 1.74708 2.17635 0.954603 1.8718 2.04923
0.402818 1.34368 2.266 0.987764 1.73346 2.17571 0.766448 1.78511 1.95314
0.89645 1.72276 2.17257 0.323545 1.30752 2.266 0.779596 1.79701 2.02388
0.235995 1.28608 2.244 0.792494 1.71285 2.16803 0.692046 1.77558 2.02388
0.604496 1.75415 2.02388
0.594237 1.70083 2.15868 0.12742 1.22746 2.223 0.495921 1.69552 2.02388
0.511391 1.69961 2.1535 0.0550478 1.21587 2.213 0.151618 1.74609 2.28414
0.440272 1.70195 2.1474 0.00260611 1.2246 2.213 -0.0275103 1.77996 2.33864
0.38006 1.7075 2.14051 -0.0564601 1.24759 2.217 0.0608693 1.73784 2.30287
0.330149 1.7142 2.13271 -0.121224 1.25447 2.198 0.206463 1.68688 1.55891
0.290872 1.72062 2.12436 -0.150041 1.25909 2.19 0.73315 1.75166 1.98433
0.261437 1.7261 2.11546 0.704334 1.75628 1.98433
-0.175507 1.25961 2.179 0.239792 1.73022 2.10639 0.678867 1.7568 1.98433
0.220405 1.73446 2.09511 0.625757 1.77613 1.93732
-0.168466 1.2851 2.156 0.189194 1.74005 2.07934 0.610103 1.78656 1.96122
0.146665 1.7453 2.0647 -0.207233 1.29761 2.156 0.589351 1.79136 1.93592
0.0833329 1.74934 2.05127 -0.250308 1.28681 2.141 0.545972 1.807 1.95252
0.00238555 1.74829 2.04156 -0.302661 1.27531 2.123 0.493619 1.79551 1.95252
-0.0839786 1.73928 2.03381 -0.388091 1.27325 2.11 0.408189 1.79344 1.95252
-0.171113 1.72073 2.02568 0.207651 1.79487 1.92086
-0.491237 1.22109 2.092 -0.249675 1.6925 2.01789 0.0978388 1.75478 1.90933
-0.324125 1.65294 2.0099 -0.52416 1.1646 2.09 0.113456 1.7056 1.91254
-0.363335 1.62634 2.00528 -0.553196 1.1227 2.08 0.0024795 1.67025 1.79467
-0.584629 1.06538 2.08 -0.363335 1.62634 2.00528 -0.0289535 1.61293 1.79467
-0.400995 1.59623 2.00073 -0.0603865 1.5556 1.79467
-0.522488 1.05588 2.049 -0.400995 1.59623 2.00073 0.00175362 1.5461 1.79467
-0.471703 1.50994 1.9916 -0.49031 1.0599 2.042 0.0339318 1.55012 1.79467
-0.471703 1.50994 1.9916 -0.47523 1.04025 2.048 -0.174224 1.32057 2.06329
-0.452282 1.01601 2.042 -0.457715 1.37006 1.98056 -0.236134 1.31252 1.86164
-0.439122 1.33777 1.97978 -0.413927 1.01105 2.042 -0.197778 1.30756 1.86164
-0.379918 0.993009 2.043 -0.413739 1.29832 1.98079 -0.16377 1.28952 1.86164
-0.391494 1.26812 1.98191 -0.35646 0.9744 2.043 -0.0903124 1.22105 2.01847
-0.325168 0.959611 2.044 -0.363859 1.23446 1.98397 -0.0869839 1.18505 2.02474
-0.288852 0.931229 2.053 -0.339877 1.20646 1.98634 -0.0235834 1.13616 2.0294
-0.255619 0.911407 2.057 -0.315754 1.17918 1.98927 0.0426516 1.11507 1.81523
-0.2933 1.15494 1.99292 0.0606396 1.09745 1.80514
-0.225053 0.892972 2.073 -0.273515 1.1311 1.99691 0.081252 1.06138 1.81876
-0.259192 1.11019 2.00036 -0.219091 0.896427 2.066 0.10938 1.04757 1.82857
-0.18319 0.869367 2.074 -0.250033 1.08622 2.0044 0.101798 1.03706 1.78809
-0.247487 1.06522 2.00841 0.1231 0.98686 1.84977
-0.198617 0.817886 2.082 -0.250518 1.03482 2.01519 0.107673 0.935379 1.84977
-0.256884 1.00542 2.02116 0.092246 0.883898 1.84977
-0.169447 0.768799 2.098 -0.267309 0.969217 2.02578 0.121416 0.834811 1.84977
-0.174567 0.72986 2.098 -0.279702 0.934086 2.02757 0.116296 0.795872 1.84977
-0.184542 0.69488 2.103 -0.294784 0.89336 2.02919 0.106321 0.760892 1.84977
-0.308571 0.854971 2.03109 00.177404 0.661461 1.7421
-0.206976 0.668366 2.1 -0.323101 0.80963 2.03387 0.169779 0.644309 1.77018
-0.33285 0.765996 2.03679 0.157504 0.590731 1.79089
-0.199398 0.607881 2.103 -0.337423 0.719411 2.03993 0.151943 0.541616 1.75298
-0.192185 0.57848 2.11 -0.336889 0.6742 2.04291 0.14747 0.490654 1.81348
-0.183013 0.548556 2.11 -0.33298 0.640153 2.04461 0.13179 0.394459 1.91456
-0.158402 0.497921 2.122 -0.315284 0.573651 2.04733 0.156401 0.343824 1.91456
-0.297345 0.532197 2.04845 -0.132067 0.478546 2.122 0.182736 0.32445 1.91456
-0.0903796 0.447348 2.114 -0.275793 0.494116 2.04907 0.224423 0.293251 1.91456
-0.25185 0.456901 2.05027 -0.08056 0.423807 2.114 0.234243 0.26971 1.91456
-0.0467789 0.408005 2.123 -0.224688 0.419253 2.05422 0.305211 0.0475995 1.94915
0.365147 -0.0137932 1.95207
-0.182091 0.362488 2.06642 -0.0331901 0.38865 2.123 0.338993 -0.0475256 1.9593
-0.159722 0.333042 2.07506 -0.0119106 0.381348 2.125 0.355964 -0.0596767 1.97456
0.403679 -0.0962068 1.99258
-0.128987 0.292879 2.09094 0.0234319 0.402043 2.147 0.390733 -0.151471 1.84302
-0.111987 0.271266 2.10246 0.026009 0.397516 2.161 0.393395 -0.178483 1.7908
0.406152 -0.182318 1.84951
0.0124786 0.389683 2.179 -0.0859524 0.240317 2.12158 0.4114 -0.225661 1.76548
0.0173178 0.36775 2.189 -0.0698923 0.226013 2.13321 0.416623 -0.227144 1.78669
-0.0553118 0.215908 2.14225 0.0120413 0.39566 2.202 0.432688 -0.233571 1.84553
-0.0419204 0.208872 2.14821 0.447609 -0.240223 1.80313
0.0430747 0.364965 2.231 -0.0120083 0.197028 2.15642 0.455756 -0.247735 1.81359
0.0190971 0.188445 2.16009 0.46546 -0.241727 1.79767
0.0713103 0.36363 2.231 0.0250134 0.187118 2.16043 0.47724 -0.236272 1.85678
