[0m[ INFO] [1458732246.022684819]: Starting ZmartImgFusin Node...[0m
0.000549538 -0.000174672 0.495
0.00131263 -0.000563702 0.495
0.00184295 -0.000916362 0.493
0.00243012 -0.0013038 0.493
0.00303152 -0.00165785 0.495
0.00358245 -0.00193593 0.495
0.00408148 -0.00215197 0.495
0.00454213 -0.00232777 0.495
0.00503412 -0.00251337 0.494
0.00552125 -0.00268411 0.494
0.00596594 -0.00282441 0.494
0.00642213 -0.00297379 0.494
0.00676456 -0.00305579 0.495
0.00717907 -0.0031948 0.495
0.00749269 -0.00327155 0.495
0.00787267 -0.00339922 0.495
0.00816538 -0.00347305 0.495
0.00851257 -0.00358911 0.495
0.00883923 -0.00369111 0.501
0.00910566 -0.00376725 0.501
0.00960849 -0.00396102 0.505
0.00983764 -0.00398081 0.505
0.00991461 -0.00393658 0.501
0.0101525 -0.00399992 0.501
0.0105014 -0.00410535 0.501
0.0107404 -0.00414358 0.501
0.010832 -0.00411476 0.502
0.0110252 -0.00415403 0.502
0.0111644 -0.00416327 0.496
0.0113386 -0.00419477 0.496
0.0115146 -0.0042291 0.496
0.0115968 -0.00421829 0.496
0.0117636 -0.00425978 0.494
0.0118992 -0.00428153 0.494
0.011918 -0.00424711 0.494
0.0120269 -0.00427163 0.496
0.0120826 -0.00426557 0.496
0.0121836 -0.00428678 0.497
0.0122174 -0.00427237 0.497
0.0123113 -0.00428987 0.497
0.0124833 -0.00434557 0.5
0.0125138 -0.00432523 0.5
0.0125517 -0.00432297 0.5
0.0126367 -0.00435068 0.5
0.0126919 -0.00436079 0.5
0.0127498 -0.00437526 0.5
0.0127534 -0.00436226 0.5
0.0128162 -0.00438703 0.5
0.0128878 -0.00441262 0.5
0.0129149 -0.00441725 0.495
0.012957 -0.00444069 0.495
0.0129773 -0.00445264 0.493
0.0130088 -0.0044726 0.493
0.0130199 -0.00448041 0.493
0.0129767 -0.00445979 0.493
0.0129969 -0.00448131 0.493
0.0129517 -0.00446137 0.493
0.01303 -0.00451504 0.493
0.0130583 -0.00452907 0.493
0.0130398 -0.00451529 0.493
0.0130801 -0.00453081 0.493
0.0130877 -0.00452299 0.493
0.0131328 -0.00453646 0.493
0.0131662 -0.00454041 0.493
0.0132119 -0.00455075 0.493
0.013244 -0.00455302 0.493
0.0132863 -0.0045616 0.493
0.0132604 -0.0045346 0.493
0.0132399 -0.00451785 0.493
0.0132995 -0.00454402 0.493
0.0133488 -0.00455056 0.493
0.0133906 -0.00454939 0.493
0.0134394 -0.00455079 0.493
0.0134847 -0.00454946 0.493
0.0135307 -0.00454855 0.493
0.0135753 -0.0045472 0.494
0.0136179 -0.00454554 0.494
0.0138923 -0.00465207 0.494
0.0139452 -0.0046347 0.494
0.0141456 -0.0047019 0.494
0.0143211 -0.00475898 0.494
0.0145004 -0.00482161 0.494
0.0146998 -0.00489582 0.494
0.0152056 -0.00511939 0.493
0.0167604 -0.00604006 0.493
0.0159483 -0.00548302 0.493
0.0157014 -0.00534453 0.493
0.015473 -0.00515317 0.493
0.0153865 -0.00509575 0.493
0.0153424 -0.00510222 0.491
0.0152333 -0.00508822 0.491
0.0152118 -0.00517447 0.491
0.015275 -0.00533197 0.491
0.0153419 -0.005484 0.491
0.0154193 -0.00564254 0.491
0.0154193 -0.00573335 0.491
0.0155113 -0.00591167 0.491
0.0155789 -0.00608361 0.491
0.0155602 -0.00612954 0.491
0.0155914 -0.00618323 0.491
0.0155889 -0.00618615 0.491
0.0156426 -0.00620865 0.491
0.0156176 -0.00616994 0.491
0.015669 -0.0061742 0.491
0.0157319 -0.00617452 0.493
0.0157066 -0.00612175 0.493
0.015822 -0.00613869 0.493
0.0160117 -0.00610395 0.493
0.0162281 -0.00604361 0.493
0.0164489 -0.00596772 0.493
0.0166226 -0.00587171 0.493
0.016692 -0.00574848 0.493
0.01678 -0.00563776 0.493
0.0168598 -0.00552863 0.493
0.0169396 -0.00542342 0.493
0.0170668 -0.00533399 0.493
0.0170796 -0.00522507 0.493
0.0168102 -0.00508006 0.493
0.0166386 -0.00501828 0.493
0.0164527 -0.00495989 0.493
0.0162185 -0.00488349 0.493
0.0160717 -0.00485681 0.493
0.0159167 -0.0048206 0.493
0.0156886 -0.00474664 0.493
0.0155399 -0.00472056 0.493
0.0153981 -0.00469224 0.493
0.0152627 -0.00466203 0.493
0.0150289 -0.00459239 0.493
0.014883 -0.00459374 0.493
0.0147437 -0.00459624 0.493
0.0145568 -0.00456598 0.493
0.0144251 -0.00457382 0.493
0.0142523 -0.00454837 0.493
0.0141408 -0.00456366 0.493
0.014042 -0.00457783 0.493
0.0139023 -0.00456027 0.493
0.0137785 -0.00456443 0.493
0.0135866 -0.00457982 0.499
0.013397 -0.00463007 0.499
0.0131623 -0.00464007 0.499
0.0129759 -0.00471048 0.499
0.0128041 -0.00478628 0.499
0.0125902 -0.00480379 0.499
0.012435 -0.00488916 0.499
0.0122359 -0.00490602 0.499
0.0121213 -0.00502044 0.466
0.0120035 -0.00508225 0.466
0.0119041 -0.00511941 0.466
0.0118452 -0.00518351 0.466
0.0118111 -0.00525962 0.466
0.0117124 -0.00526331 0.466
0.0116537 -0.00531248 0.433
0.0115586 -0.0053199 0.433
0.0115071 -0.00537368 0.433
0.0114179 -0.00538088 0.433
0.0114257 -0.00548247 0.433
0.011365 -0.00550035 0.433
0.0113851 -0.00551143 0.433
0.0113827 -0.00546691 0.433
0.0114414 -0.00544001 0.433
0.0115152 -0.0054033 0.433
0.0115863 -0.00535506 0.433
0.0116613 -0.0053048 0.433
0.0117322 -0.00525115 0.433
0.0118015 -0.00519756 0.433
0.0119479 -0.00517146 0.433
0.0119998 -0.00508148 0.433
0.0121283 -0.00502189 0.433
0.0121835 -0.00493335 0.438
0.012416 -0.00491119 0.438
0.0125532 -0.00484779 0.438
0.012632 -0.00476955 0.438
0.0127062 -0.0046985 0.438
0.0128184 -0.00464519 0.438
0.0129189 -0.00458948 0.457
0.0129652 -0.00453856 0.457
0.0128327 -0.00446015 0.457
0.0127192 -0.00441969 0.457
0.0125536 -0.0043565 0.457
0.0124292 -0.00432232 0.457
0.0123049 -0.00428486 0.457
0.0121921 -0.00425224 0.457
0.0120838 -0.0042208 0.457
0.0119809 -0.0041908 0.457
0.0118856 -0.00416356 0.457
0.0118506 -0.00409769 0.457
0.0118595 -0.00408192 0.457
0.0119685 -0.00417151 0.457
0.0120163 -0.00423522 0.457
0.0121392 -0.00438629 0.457
0.0122518 -0.00453324 0.457
0.0123764 -0.004696 0.457
0.0124962 -0.00485639 0.457
0.0125535 -0.00496286 0.457
0.0126711 -0.00513374 0.457
0.0127491 -0.00525171 0.457
0.0129856 -0.00534393 0.457
0.0132965 -0.0053995 0.457
0.0135329 -0.00538393 0.457
0.0138434 -0.00538332 0.457
0.0140396 -0.00532853 0.457
0.0143295 -0.00530819 0.457
0.0146664 -0.00529586 0.457
0.014949 -0.00526188 0.457
0.0150441 -0.00517142 0.434
0.0152444 -0.00515989 0.434
0.0153408 -0.00509062 0.434
0.0153486 -0.00498279 0.434
0.0154162 -0.00487975 0.434
0.0154983 -0.00476933 0.434
0.0154874 -0.00463836 0.434
0.0155577 -0.00452433 0.434
0.0155787 -0.00440357 0.434
0.0156729 -0.00429705 0.434
0.0156303 -0.00417158 0.434
0.0157148 -0.00405771 0.434
0.0157173 -0.0039551 0.434
0.0158467 -0.00390345 0.434
0.0159897 -0.00386871 0.438
0.0160294 -0.00381657 0.438
0.0161729 -0.00380345 0.465
0.016307 -0.0037893 0.465
0.0166952 -0.00384754 0.465
0.0168646 -0.0038356 0.465
0.0165708 -0.00369455 0.465
0.016633 -0.00368531 0.465
0.0166099 -0.00367734 0.465
0.0166871 -0.0037353 0.465
0.0167732 -0.00380563 0.465
0.0167598 -0.0038369 0.465
0.0170465 -0.00401995 0.465
0.0173556 -0.00419102 0.465
0.0176697 -0.00435449 0.465
0.0177885 -0.0044192 0.465
0.0177263 -0.00444043 0.465
0.017645 -0.00447158 0.465
0.0174919 -0.00445813 0.465
0.0174636 -0.00449828 0.465
0.0173916 -0.00449867 0.465
0.0172204 -0.00444963 0.465
0.0171434 -0.00444499 0.465
0.0170546 -0.00442706 0.465
0.0169306 -0.00439232 0.465
0.0168698 -0.00438408 0.465
0.0167262 -0.00433141 0.465
0.0166479 -0.0043397 0.465
0.0164906 -0.00431738 0.465
0.0164003 -0.00434242 0.465
0.016323 -0.00437367 0.465
0.0162534 -0.00440779 0.465
0.0161862 -0.00444138 0.465
0.0161153 -0.00447044 0.465
0.0159958 -0.004471 0.465
0.0159302 -0.00450587 0.465
0.0158147 -0.00450725 0.465
0.0158497 -0.0045483 0.465
0.0157892 -0.00451822 0.465
0.0158805 -0.004547 0.465
0.0159172 -0.00453754 0.465
0.0158907 -0.00450186 0.465
0.0159183 -0.00449157 0.465
0.0159307 -0.00447203 0.465
0.0159646 -0.00446134 0.465
0.0159951 -0.0044482 0.465
0.0159049 -0.00438869 0.465
0.0157578 -0.00440458 0.465
0.0155054 -0.0043925 0.465
0.0153092 -0.00445894 0.465
0.0151185 -0.00453134 0.465
0.014937 -0.00460933 0.465
0.0147684 -0.00469433 0.465
0.0145594 -0.00473318 0.465
0.0144114 -0.00482967 0.465
0.0142033 -0.00485215 0.465
0.0141407 -0.00499297 0.465
0.0141523 -0.00500505 0.465
0.0142242 -0.00496342 0.465
0.0142827 -0.00487433 0.465
0.0142839 -0.00475272 0.465
0.0143372 -0.00463175 0.465
0.0143646 -0.00449967 0.465
0.0143359 -0.00435951 0.465
0.0143809 -0.00423121 0.465
0.0143511 -0.00409519 0.465
0.0144146 -0.00396545 0.465
0.0143563 -0.00387472 0.465
0.0142759 -0.00381603 0.465
0.0141876 -0.00377681 0.465
0.0140877 -0.00374609 0.465
0.0140001 -0.00373 0.465
0.0139051 -0.00371335 0.465
0.0137652 -0.00367763 0.465
0.0137079 -0.00368571 0.465
0.0135771 -0.00365365 0.465
0.0134581 -0.00353894 0.465
0.0131673 -0.00380486 0.465
0.0128419 -0.00438644 0.461
0.0125004 -0.00505475 0.461
0.0121424 -0.005597 0.461
0.0118005 -0.00626957 0.461
0.0114851 -0.00711247 0.57
0.0111886 -0.00796251 0.57
0.0109002 -0.00870669 0.57
0.0107419 -0.00976932 0.567
0.0106736 -0.0101598 0.567
0.0106897 -0.0104359 0.567
0.0107601 -0.0106124 0.567
0.01083 -0.0106662 0.567
0.010913 -0.0106671 0.567
0.0109377 -0.0105581 0.567
0.0110196 -0.0104983 0.567
0.0110832 -0.0103945 1.498
0.01117 -0.0103064 1.498
0.0111845 -0.0102042 3.258
0.0110474 -0.0100452 3.258
0.0109036 -0.00994153 3.257
0.010785 -0.00985057 3.257
0.0107052 -0.00975689 3.257
0.0107125 -0.00973263 3.257
0.010706 -0.00967215 3.257
0.0108313 -0.00983292 3.257
0.0109406 -0.00993195 3.257
0.0111402 -0.0101912 3.257
0.0113841 -0.0104466 3.257
0.0117197 -0.0107287 3.257
0.0120873 -0.0110275 0.3
0.0124376 -0.0113056 0.3
0.0127921 -0.0115916 0.3
0.0131129 -0.0118201 0.3
0.0132962 -0.01188 0.3
0.0135634 -0.0120999 0.3
0.0137086 -0.0121652 0.3
0.0139419 -0.0123997 0.3
0.0140884 -0.0126838 0.3
0.0140533 -0.0126747 0.3
0.0140354 -0.0126352 0.3
0.0139304 -0.0124291 0.3
0.0138559 -0.0122043 0.355
0.0137149 -0.0118937 0.355
0.0136339 -0.0116108 0.394
0.0135016 -0.0112845 0.394
0.0134343 -0.0109998 0.471
0.0133754 -0.010716 0.471
0.0132559 -0.0103569 0.534
0.0130206 -0.00902053 0.534
0.0124057 -0.00477798 0.534
0.0113796 0.00275715 0.534
0.0100823 0.0106134 0.617
0.00823378 0.018039 0.617
0.00621365 0.025254 0.777
0.00346337 0.0335322 0.777
0.00078734 0.0398681 0.856
0.000850018 0.0466541 0.856
0.00150962 0.0558346 0.94
0.00183002 0.0652414 0.94
0.00165617 0.0744433 1.022
0.00373853 0.0852035 1.022
0.00896947 0.0935239 1.114
0.016531 0.103617 1.114
0.0216571 0.111279 1.114
0.0257381 0.115965 1.114
0.0296889 0.119068 1.114
0.0350871 0.121289 1.114
0.0423162 0.122474 1.114
0.0763567 0.12847 1.183
0.109897 0.133765 1.183
0.143068 0.140253 1.183
0.179517 0.14691 1.356
0.213964 0.153895 1.356
0.246073 0.160752 1.378
0.277567 0.166313 1.378
0.306884 0.170317 1.404
0.336024 0.173258 1.404
0.365476 0.172647 1.404
0.392678 0.170854 1.428
0.418566 0.169365 1.428
0.443935 0.167246 1.431
0.467695 0.163832 1.431
0.490238 0.160281 1.453
0.514207 0.157402 1.453
0.536915 0.153831 1.453
0.556473 0.146265 1.453
0.576062 0.139872 1.453
0.595762 0.136348 1.453
0.615259 0.133808 1.457
0.63356 0.131088 1.457
0.6518 0.128702 1.486
0.670057 0.126331 1.486
0.689207 0.12473 1.503
0.707927 0.122896 1.503
0.7363 0.119116 1.514
0.749743 0.110955 1.514
0.761673 0.103251 1.524
0.772653 0.0970058 1.524
0.783028 0.0888824 1.54
0.792295 0.0813961 1.54
0.800523 0.0753433 1.549
0.808104 0.0694432 1.549
0.815244 0.06556 1.568
0.82459 0.0637345 1.568
0.83283 0.0652062 1.571
0.841765 0.0689201 1.586
0.851952 0.0694861 1.586
0.861658 0.0689538 1.593
0.8689 0.0671174 1.593
0.874145 0.0659276 1.605
0.878205 0.0662339 1.605
0.884189 0.0703644 1.622
0.893676 0.076537 1.622
0.904225 0.0828074 1.623
0.912086 0.087231 1.623
0.917454 0.090865 1.641
0.920371 0.0907934 1.641
0.924865 0.0893629 1.655
0.930966 0.0887127 1.655
0.936247 0.0908237 1.666
0.939624 0.0953676 1.666
0.94073 0.0992232 1.666
0.942741 0.103273 1.666
0.94754 0.107611 1.681
0.955792 0.11074 1.681
0.965864 0.112616 1.702
0.975175 0.112904 1.702
0.983013 0.11193 1.724
0.989619 0.110737 1.724
1.00129 0.109776 1.726
1.01424 0.11065 1.726
1.02794 0.113258 1.756
1.04155 0.114935 1.756
1.05371 0.117656 1.761
1.06509 0.118943 1.761
1.07469 0.118419 1.779
1.08175 0.118065 1.779
1.08582 0.119746 1.795
1.08817 0.120637 1.795
1.09083 0.121731 1.801
1.09429 0.122583 1.801
1.09919 0.123749 1.816
1.10529 0.122924 1.816
1.1112 0.123668 1.821
1.11675 0.124858 1.822
1.1216 0.126552 1.822
1.12506 0.128438 1.821
1.12574 0.128118 1.821
1.12423 0.1259 1.812
1.12253 0.122017 1.812
1.12008 0.116704 1.812
1.12043 0.110289 1.809
1.12304 0.102706 1.809
1.12684 0.0960924 1.768
1.1296 0.0895067 1.768
1.13096 0.0846403 1.768
1.13268 0.0805876 1.768
1.13668 0.076313 1.752
1.14307 0.0704285 1.752
1.15213 0.0616298 1.75
1.16286 0.0538422 1.75
1.17257 0.0445027 1.75
1.17908 0.0336597 1.75
1.18545 0.0215002 1.754
1.19299 0.0113627 1.754
1.20327 -0.00090594 1.759
1.2098 -0.010321 1.77
1.21449 -0.0155638 1.77
1.2178 -0.0188725 1.779
1.22195 -0.0211935 1.779
1.22485 -0.0236893 1.78
1.22791 -0.0276315 1.78
1.22938 -0.0298564 1.802
1.22793 -0.0286845 1.802
1.2257 -0.0247446 1.817
1.22472 -0.0208251 1.817
1.22446 -0.0177356 1.817
1.22334 -0.0135891 1.817
1.22164 -0.0082141 1.831
1.21909 0.00141843 1.831
1.21605 0.00907158 1.855
1.21477 0.014885 1.855
1.21747 0.0225607 1.86
1.22345 0.0375301 1.86
1.22867 0.0546152 1.885
1.23262 0.0689915 1.885
1.23496 0.0791986 1.889
1.23738 0.0869679 1.889
1.23909 0.097045 1.901
1.24073 0.107699 1.901
1.24402 0.116971 1.909
1.25006 0.121661 1.909
1.25698 0.123381 1.916
1.26274 0.121443 1.916
1.2668 0.122573 1.945
1.26955 0.126445 1.945
1.27216 0.130956 1.952
1.27245 0.134061 1.952
1.27332 0.136597 1.952
1.27146 0.1376 1.952
1.26914 0.138985 1.966
1.27058 0.137795 1.966
1.2723 0.139778 1.966
1.27079 0.143667 1.966
1.26661 0.147209 1.998
1.26336 0.149461 1.998
1.26532 0.15303 2.014
1.27136 0.159615 2.014
1.27922 0.166596 2.025
1.28453 0.175697 2.025
1.28865 0.18081 2.041
1.2986 0.179221 2.041
1.30969 0.178157 2.041
1.31763 0.178075 2.041
1.32257 0.179742 2.055
1.33336 0.182526 2.055
1.3474 0.186977 2.068
1.36217 0.191919 2.068
1.36937 0.18986 2.086
1.37162 0.182175 2.086
1.37425 0.177162 2.088
1.37873 0.179402 2.086
1.38466 0.181201 2.086
1.39054 0.181569 2.08
1.39396 0.183199 2.08
1.39349 0.184297 2.033
1.3898 0.185441 2.033
1.38367 0.188517 1.982
1.37905 0.189796 1.982
1.382 0.187192 1.982
1.38849 0.183249 1.982
1.39713 0.179567 1.936
1.40474 0.175763 1.936
1.41156 0.17266 1.936
1.41778 0.171407 1.936
1.42117 0.17051 1.807
1.42464 0.164445 1.807
1.4296 0.157606 1.719
1.43754 0.15225 1.719
1.44895 0.148116 1.683
1.46291 0.144916 1.683
1.47494 0.143278 1.665
1.48364 0.141642 1.665
1.49033 0.139659 1.608
1.49623 0.137893 1.608
1.50057 0.135872 1.576
1.50737 0.137212 1.576
1.51515 0.135779 1.538
1.52551 0.132373 1.538
1.53489 0.130406 1.504
1.54519 0.126144 1.504
1.55239 0.123794 1.462
1.55753 0.12335 1.462
1.56451 0.125126 1.443
1.57166 0.127907 1.402
1.57954 0.129146 1.402
1.58644 0.128965 1.362
1.59714 0.127406 1.362
1.60845 0.12619 1.325
1.62016 0.124588 1.325
1.62949 0.123516 1.3
1.63689 0.124757 1.3
1.64243 0.128447 1.3
1.64877 0.129506 1.273
1.65646 0.132889 1.273
1.66523 0.13728 1.247
1.67309 0.141147 1.247
1.68217 0.144771 1.237
1.69041 0.148772 1.225
1.69584 0.153852 1.225
1.69882 0.160498 1.205
1.70008 0.165443 1.205
1.70689 0.169526 1.197
1.71672 0.168889 1.197
1.72706 0.166254 1.185
1.73993 0.166128 1.185
1.75178 0.167745 1.184
1.76366 0.169037 1.184
1.77645 0.169593 1.172
1.79408 0.170154 1.172
1.81238 0.17111 1.169
1.82838 0.170521 1.169
1.84342 0.166165 1.161
1.85787 0.161134 1.161
1.87251 0.155768 1.16
1.8876 0.151867 1.16
1.90317 0.147806 1.16
1.91771 0.142707 1.16
1.93053 0.136119 1.157
1.94383 0.129143 1.157
1.95672 0.121384 1.154
1.96789 0.115001 1.154
1.97631 0.11089 1.154
1.98406 0.106815 1.154
1.99205 0.101247 1.157
1.99894 0.0942652 1.157
2.00637 0.0873277 1.159
2.01382 0.0829546 1.159
2.02105 0.0797942 1.169
2.02729 0.0739999 1.169
2.03469 0.0689319 1.169
2.04444 0.0642547 1.169
2.05315 0.0590128 1.169
2.05916 0.0536951 1.169
2.06291 0.0493294 1.185
2.06549 0.0463676 1.185
2.06969 0.0441415 1.189
2.07641 0.0421918 1.189
2.08577 0.0402825 1.197
2.09761 0.0362897 1.197
2.10967 0.0301588 1.201
2.11991 0.0237404 1.213
2.12931 0.0204662 1.213
2.13833 0.0170752 1.221
2.14733 0.0139039 1.221
2.1572 0.0116923 1.228
2.16649 0.00938025 1.228
2.17552 0.0050393 1.246
2.18511 0.00139883 1.246
2.19331 0.00098096 1.249
2.20003 0.000420808 1.249
2.20732 -0.00293945 1.257
2.21491 -0.00758535 1.257
2.21937 -0.0101717 1.263
2.22209 -0.0124556 1.263
2.22645 -0.0144449 1.273
2.2199 -0.0145503 1.273
2.21353 -0.015012 1.282
2.20369 -0.0156797 1.282
2.19225 -0.0172208 1.288
2.18394 -0.0185573 1.288
2.17845 -0.0190151 1.297
2.17387 -0.0174971 1.297
2.16932 -0.0146135 1.303
2.16163 -0.0133649 1.311
2.15157 -0.0137795 1.311
2.14432 -0.0154417 1.311
2.14039 -0.016851 1.33
2.13544 -0.0175917 1.33
2.12707 -0.0171299 1.334
2.11683 -0.0154117 1.334
2.10846 -0.0129838 1.342
2.10305 -0.00995853 1.342
2.0971 -0.00989103 1.342
2.09114 -0.0112465 1.342
2.08535 -0.0113153 1.35
2.07868 -0.00950093 1.35
2.07199 -0.00726209 1.353
2.06576 -0.00667012 1.353
2.05996 -0.00462737 1.365
2.05304 -0.00267528 1.365
2.04477 0.000349307 1.369
2.03578 0.00252354 1.373
2.02556 0.00427641 1.373
2.01475 0.00676728 1.388
2.00341 0.00995057 1.388
1.99216 0.0122622 1.39
1.98088 0.012428 1.39
1.9731 0.0125637 1.405
1.96888 0.0133982 1.405
1.96711 0.0125458 1.408
1.96684 0.00970565 1.408
1.96772 0.00789306 1.416
1.96864 0.00630982 1.416
1.96782 0.0050627 1.416
1.96828 0.00438158 1.416
1.96933 0.00529385 1.416
1.97176 0.00342261 1.416
1.97436 -0.000951989 1.43
1.97839 -0.00604033 1.43
1.98198 -0.0116643 1.43
1.98534 -0.0135592 1.435
1.99053 -0.0157912 1.436
1.99349 -0.015628 1.436
1.99426 -0.0139481 1.447
1.99417 -0.0138554 1.447
1.99334 -0.0138979 1.452
1.99402 -0.0137934 1.452
1.9929 -0.00234872 1.457
1.99446 0.00831452 1.457
1.99566 0.0167847 1.464
1.99839 0.023936 1.464
1.99946 0.0318974 1.465
1.99786 0.0415122 1.465
1.99584 0.0543576 1.479
1.99188 0.072145 1.479
1.99164 0.0887928 1.479
1.99188 0.104805 1.479
1.99319 0.12076 1.483
1.9954 0.14181 1.483
1.99465 0.162312 1.498
1.9924 0.181439 1.498
1.98943 0.205102 1.508
1.98709 0.225623 1.512
1.99129 0.243827 1.512
1.99049 0.261342 1.512
1.9893 0.283936 1.517
1.98794 0.307587 1.517
1.98778 0.330391 1.517
1.99064 0.351963 1.517
1.99209 0.375798 1.522
1.99309 0.399615 1.522
1.99261 0.421457 1.522
1.99117 0.445554 1.522
1.99046 0.469477 1.524
1.98946 0.493509 1.537
1.9912 0.520578 1.537
1.98874 0.545743 1.537
1.98373 0.567809 1.537
1.97777 0.590225 1.537
1.97117 0.619133 1.537
1.96473 0.644127 1.542
1.95866 0.664141 1.542
1.95379 0.683821 1.543
1.94509 0.705115 1.543
1.93431 0.728989 1.543
1.92499 0.751684 1.543
1.91791 0.757403 1.551
1.91054 0.764097 1.551
1.90243 0.77236 1.557
1.89467 0.783092 1.557
1.88527 0.795422 1.557
1.87386 0.808857 1.557
1.86239 0.820512 1.563
1.85322 0.829215 1.563
1.84641 0.838722 1.563
1.84358 0.846768 1.563
1.84276 0.852733 1.563
1.84374 0.86111 1.563
1.84723 0.865981 1.571
1.85173 0.870224 1.571
1.86129 0.875178 1.586
1.87441 0.879896 1.586
1.89055 0.884095 1.587
1.90404 0.88945 1.587
1.91625 0.89287 1.587
1.93153 0.897297 1.587
1.94971 0.903086 1.587
1.96756 0.907362 1.587
1.98382 0.911098 1.587
2.00181 0.913538 1.587
2.01882 0.917544 1.588
2.03475 0.91965 1.588
2.04717 0.92146 1.588
2.06334 0.926203 1.588
2.07641 0.932742 1.585
2.08706 0.940784 1.585
2.09557 0.950995 1.585
2.10355 0.962487 1.585
2.11189 0.972007 1.585
2.11905 0.981208 1.585
2.127 0.99263 1.585
2.13625 1.00265 1.582
2.14975 1.01322 1.582
2.15942 1.02734 1.582
2.16398 1.04398 1.579
2.17089 1.06118 1.579
2.17595 1.0793 1.578
2.18126 1.0954 1.578
2.18647 1.11003 1.579
2.19271 1.12267 1.579
2.19932 1.13567 1.579
2.20616 1.14932 1.592
2.21096 1.16376 1.592
2.21254 1.17421 1.592
2.21482 1.18303 1.592
2.21818 1.19071 1.592
2.22299 1.20016 1.592
2.22625 1.20922 1.567
2.22847 1.21691 1.567
2.2282 1.23715 1.567
2.2248 1.2589 1.567
2.22143 1.2828 1.567
2.21999 1.30778 1.567
2.22088 1.33071 1.57
2.22214 1.35301 1.57
2.22297 1.37377 1.57
2.22313 1.39233 1.57
2.22301 1.40907 1.582
2.22321 1.4239 1.582
2.2267 1.43326 1.582
2.23251 1.43827 1.582
2.23804 1.44164 1.582
2.24282 1.44474 1.597
2.24391 1.44812 1.605
2.24472 1.4525 1.605
2.24425 1.45694 1.609
2.24512 1.4625 1.609
2.24536 1.47126 1.611
2.24167 1.47971 1.611
2.23395 1.4863 1.609
2.22587 1.49444 1.609
2.21635 1.50362 1.612
2.20519 1.51297 1.612
2.19502 1.52066 1.612
2.18729 1.52521 1.612
2.18187 1.52911 1.616
2.17781 1.53074 1.616
2.17211 1.52994 1.629
2.16552 1.52754 1.629
2.16096 1.52648 1.634
2.15956 1.52437 1.634
2.16127 1.5233 1.646
2.16435 1.5193 1.646
2.16722 1.51295 1.655
2.1711 1.50555 1.655
2.1715 1.50009 1.668
2.17126 1.49411 1.668
2.17138 1.48897 1.677
2.17188 1.48814 1.677
2.17209 1.48627 1.682
2.1716 1.48679 1.682
2.17291 1.48788 1.682
2.17244 1.49273 1.682
2.1674 1.49892 1.688
2.164 1.50103 1.688
2.16074 1.50437 1.709
2.14386 1.51573 1.709
2.1255 1.52538 1.717
2.10825 1.53327 1.717
2.09382 1.53674 1.729
2.07581 1.54296 1.729
2.05648 1.54995 1.729
2.03761 1.55665 1.735
2.01616 1.56114 1.735
1.99599 1.56204 1.746
1.97628 1.56302 1.746
1.95785 1.56409 1.766
1.93488 1.57186 1.766
1.91251 1.57871 1.792
1.89051 1.58572 1.792
1.868 1.58507 1.777
1.8461 1.58787 1.777
1.82566 1.59666 1.785
1.80808 1.60065 1.785
1.78846 1.60622 1.785
1.76746 1.61291 1.785
1.74612 1.61649 1.803
1.72733 1.61953 1.803
1.70788 1.62403 1.806
1.69064 1.63101 1.806
1.67279 1.63968 1.822
1.65585 1.64691 1.822
1.636 1.65606 1.822
1.61897 1.66471 1.822
1.60292 1.67535 1.822
1.57881 1.69194 1.822
1.55535 1.70757 1.823
1.53146 1.72064 1.823
1.50773 1.73352 1.845
1.48252 1.74615 1.845
1.45882 1.75607 1.865
1.43523 1.76989 1.865
1.40877 1.78483 1.887
1.3851 1.79491 1.887
1.36071 1.80417 1.887
1.33384 1.81094 1.887
1.30418 1.8176 1.887
1.27758 1.82686 1.887
1.25442 1.83179 1.887
1.22899 1.8364 1.911
1.20164 1.8408 1.911
1.17509 1.84852 1.911
1.15151 1.85936 1.92
1.12494 1.86787 1.92
1.0997 1.87406 1.927
1.07402 1.87885 1.927
1.04929 1.88159 1.941
1.02583 1.88249 1.941
1.0024 1.8856 1.941
0.978276 1.8856 1.941
0.952024 1.88174 1.941
0.928365 1.87775 1.941
0.906711 1.87504 1.966
0.88164 1.86854 1.966
0.856057 1.85968 1.966
0.830812 1.84966 1.966
0.806824 1.83942 1.949
0.783262 1.83177 1.944
0.761307 1.82473 1.944
0.741292 1.81727 1.943
0.719758 1.80791 1.943
0.699674 1.79773 1.928
0.681103 1.78753 1.928
0.65836 1.7784 1.925
0.634038 1.7686 1.923
0.611802 1.76477 1.923
0.590504 1.76138 1.923
0.564297 1.75488 1.919
0.540581 1.74678 1.919
0.517064 1.73569 1.913
0.491269 1.72885 1.913
0.468627 1.72779 1.913
0.448934 1.72266 1.913
0.427777 1.71831 1.913
0.408822 1.7156 1.913
0.391804 1.7085 1.917
0.374841 1.70487 1.917
0.356359 1.70284 1.905
0.338323 1.69905 1.898
0.320275 1.69429 1.898
0.302209 1.68813 1.898
0.283246 1.68499 1.892
0.265469 1.68709 1.892
0.249527 1.68847 1.89
0.228299 1.69531 1.89
0.206543 1.70305 1.89
0.186286 1.71025 1.879
0.160751 1.71815 1.879
0.136235 1.72608 1.879
0.11296 1.73242 1.879
0.0909103 1.74433 1.868
0.0717224 1.7527 1.868
0.0562325 1.75897 1.867
0.0419223 1.76266 1.867
0.0274794 1.76866 1.866
0.0122627 1.77504 1.866
-0.00335255 1.78474 1.856
-0.0178412 1.79134 1.856
-0.0318469 1.79713 1.856
-0.0463081 1.80033 1.856
-0.0616384 1.80042 1.856
-0.0795263 1.80254 1.856
-0.0984143 1.80339 1.841
-0.119277 1.80364 1.841
-0.140314 1.80415 1.835
-0.16821 1.80217 1.835
-0.193421 1.80519 1.823
-0.218139 1.80501 1.823
-0.244577 1.79695 1.81
-0.266965 1.79328 1.81
-0.286817 1.79604 1.806
-0.306678 1.79292 1.806
-0.33237 1.78978 1.797
-0.359271 1.78695 1.797
-0.385782 1.78372 1.797
-0.4133 1.78195 1.797
-0.440265 1.78153 1.792
-0.468097 1.78211 1.792
-0.496498 1.78533 1.79
-0.531669 1.78865 1.79
-0.565491 1.79352 1.79
-0.596784 1.79818 1.78
-0.630828 1.79845 1.78
-0.663629 1.80099 1.78
-0.693042 1.8047 1.78
-0.721797 1.80787 1.78
-0.758566 1.80434 1.777
-0.788929 1.8014 1.764
-0.814249 1.79838 1.764
-0.83715 1.79991 1.749
-0.856997 1.80584 1.749
-0.877167 1.8146 1.742
-0.899455 1.82375 1.742
-0.919629 1.83399 1.742
-0.937305 1.84567 1.742
-0.954991 1.85469 1.748
-0.975137 1.8618 1.748
-0.996433 1.86638 1.748
-1.02452 1.86778 1.748
-1.05077 1.87012 1.742
-1.07631 1.87347 1.742
-1.09919 1.8764 1.742
-1.11889 1.88125 1.742
-1.13501 1.88814 1.742
-1.15161 1.89221 1.742
-1.17087 1.89539 1.743
-1.18938 1.89758 1.743
-1.20725 1.89947 1.743
-1.22539 1.9018 1.743
-1.2403 1.90184 1.743
-1.25171 1.90184 1.743
-1.26234 1.90155 1.744
-1.27198 1.90219 1.744
-1.28046 1.90406 1.753
-1.29061 1.9057 1.753
-1.30058 1.90591 1.757
-1.30846 1.90498 1.757
-1.31567 1.90362 1.757
-1.32056 1.90281 1.757
-1.31975 1.89064 1.761
-1.32145 1.87894 1.761
-1.32231 1.86815 1.761
-1.32158 1.85501 1.761
-1.32008 1.84237 1.773
-1.32048 1.83357 1.773
-1.31763 1.82493 1.766
-1.31312 1.80958 1.774
-1.30931 1.79522 1.774
-1.30904 1.78503 1.774
-1.31079 1.77576 1.774
-1.31075 1.76716 1.776
-1.3085 1.75673 1.776
-1.30617 1.74471 1.782
-1.30612 1.73149 1.782
-1.30616 1.71659 1.782
-1.30691 1.69925 1.782
-1.31024 1.68175 1.783
-1.3156 1.66805 1.783
-1.31945 1.65552 1.785
-1.32123 1.64457 1.785
-1.32142 1.63388 1.798
-1.32105 1.61813 1.798
-1.322 1.60241 1.798
-1.32596 1.58578 1.798
-1.32862 1.56645 1.801
-1.32779 1.54616 1.801
-1.32814 1.52939 1.803
-1.32947 1.51126 1.803
-1.33094 1.49374 1.803
-1.33212 1.47871 1.803
-1.33271 1.46447 1.808
-1.33275 1.45047 1.808
-1.33159 1.43553 1.8
-1.32908 1.41733 1.8
-1.32821 1.39701 1.808
-1.32929 1.37571 1.808
-1.33288 1.35578 1.803
-1.33579 1.33935 1.803
-1.33851 1.32607 1.803
-1.33954 1.31506 1.803
-1.33707 1.29662 1.81
-1.33682 1.27881 1.81
-1.33815 1.26454 1.81
-1.33879 1.24825 1.81
-1.33976 1.23345 1.81
-1.33902 1.21836 1.81
-1.34035 1.2007 1.822
-1.34284 1.1853 1.822
-1.3472 1.17446 1.822
-1.34737 1.16214 1.822
-1.34402 1.15066 1.814
-1.3423 1.14137 1.814
-1.3408 1.13035 1.814
-1.33918 1.11808 1.814
-1.33592 1.1053 1.814
-1.33263 1.09375 1.823
-1.32695 1.08221 1.823
-1.31949 1.07118 1.823
-1.31176 1.0599 1.823
-1.30284 1.04629 1.823
-1.29402 1.03126 1.823
-1.28478 1.01731 1.823
-1.27198 0.995989 1.823
-1.25991 0.973013 1.823
-1.25018 0.953571 1.823
-1.24193 0.920116 1.825
-1.23207 0.885081 1.825
-1.22 0.851951 1.825
-1.20624 0.837658 1.825
-1.19575 0.821222 1.839
-1.18672 0.802756 1.839
-1.17313 0.78165 1.847
-1.15798 0.763017 1.847
-1.14688 0.742883 1.851
-1.13893 0.720605 1.851
-1.12854 0.699647 1.861
-1.1157 0.681825 1.861
-1.10497 0.66492 1.871
-1.0987 0.648313 1.871
-1.09425 0.629982 1.879
-1.0867 0.608221 1.879
-1.07723 0.586685 1.888
-1.06956 0.568179 1.888
-1.06403 0.549099 1.889
-1.05654 0.530214 1.902
-1.0454 0.512111 1.902
-1.02814 0.495107 1.906
-1.00688 0.478924 1.906
-0.987968 0.464286 1.912
-0.97094 0.445342 1.912
-0.956547 0.427162 1.931
-0.946874 0.41148 1.931
-0.942129 0.39922 1.931
-0.938012 0.387343 1.931
-0.932829 0.377639 1.931
-0.926457 0.369786 1.931
-0.917744 0.362334 1.93
-0.906957 0.357569 1.93
-0.896156 0.354912 1.93
-0.885484 0.352282 1.93
-0.877612 0.351605 1.93
-0.872792 0.348937 1.93
-0.868382 0.347518 1.931
-0.864652 0.346134 1.931
-0.862379 0.346814 1.931
-0.860064 0.344345 1.931
-0.858519 0.344285 1.931
-0.856473 0.344188 1.931
-0.850187 0.341111 1.931
-0.842486 0.33885 1.931
-0.827857 0.334139 1.935
-0.812525 0.330047 1.935
-0.798437 0.329438 1.931
-0.793343 0.327397 1.931
-0.789284 0.325894 1.925
-0.784391 0.322061 1.925
-0.774867 0.318344 1.918
-0.762444 0.317968 1.918
-0.749359 0.314461 1.916
-0.736769 0.31656 1.916
-0.725729 0.322814 1.918
-0.720768 0.329585 1.918
-0.719165 0.334461 1.916
-0.696615 0.341146 1.914
-0.67202 0.34258 1.914
-0.644191 0.343796 1.914
-0.607953 0.344752 1.914
-0.572547 0.343847 1.917
-0.537629 0.342413 1.917
-0.500959 0.341732 1.917
-0.465852 0.343969 1.917
-0.434997 0.346977 1.917
-0.405496 0.350057 1.91
-0.379137 0.351785 1.91
-0.353112 0.352224 1.91
-0.327256 0.352011 1.908
-0.301463 0.350182 1.908
-0.276344 0.348599 1.91
-0.249671 0.347992 1.91
-0.222012 0.349194 1.907
-0.195838 0.350343 1.907
-0.171577 0.351192 1.898
-0.146372 0.349955 1.898
-0.124625 0.353009 1.898
-0.107337 0.356263 1.898
-0.0924224 0.357545 1.895
-0.079232 0.359233 1.895
-0.0659832 0.360909 1.898
