0.111031 -0.0417301 0.271506 0.111031 -0.0417301 0.271506 0.11103 -0.0417304 0.2715 0.11103 -0.0417304 0.2715 0.111031 -0.0417281 0.271502 0.111034 -0.0417233 0.271512 0.111034 -0.0417233 0.271512 0.111029 -0.0417251 0.271506 0.111029 -0.0417251 0.271506 0.111031 -0.0417324 0.271497 0.111035 -0.0417285 0.27151 0.111035 -0.0417285 0.27151 0.111031 -0.0417223 0.271506 0.111031 -0.0417223 0.271506 0.111036 -0.041731 0.271504 0.111033 -0.0417302 0.271502 0.111033 -0.0417302 0.271502 0.111031 -0.0417247 0.271503 0.111031 -0.0417247 0.271503 0.111036 -0.041726 0.271512 0.111032 -0.0417238 0.271497 0.111032 -0.0417238 0.271497 0.111032 -0.0417271 0.271509 0.111032 -0.0417271 0.271509 0.111038 -0.0417265 0.271506 0.111033 -0.0417299 0.271503 0.111033 -0.0417299 0.271503 0.111032 -0.0417283 0.271495 0.111032 -0.0417283 0.271495 0.111037 -0.0417257 0.271507 0.111035 -0.0417276 0.271509 0.111035 -0.0417276 0.271509 0.111031 -0.0417261 0.271504 0.111031 -0.0417261 0.271504 0.111033 -0.0417303 0.271502 0.111047 -0.0417249 0.271506 0.111047 -0.0417249 0.271506 0.111035 -0.0417249 0.27151 0.111035 -0.0417249 0.27151 0.111036 -0.0417235 0.271509 0.111033 -0.0417256 0.271503 0.111033 -0.0417256 0.271503 0.111032 -0.0417268 0.271508 0.111032 -0.0417268 0.271508 0.111035 -0.0417269 0.271504 0.111032 -0.0417259 0.271499 0.111032 -0.0417259 0.271499 0.111032 -0.0417214 0.271498 0.111032 -0.0417214 0.271498 0.111033 -0.0417265 0.271499 0.111032 -0.0417302 0.271502 0.111032 -0.0417302 0.271502 0.111032 -0.041732 0.2715 0.111032 -0.041732 0.2715 0.111032 -0.0417229 0.271507 0.111031 -0.041726 0.271507 0.111031 -0.041726 0.271507 0.111033 -0.0417325 0.271502 0 0 0
0.111033 -0.0417277 0.271504 0 0 0
0 0 0
0.111034 -0.0417301 0.271495 0 0 0
0.111031 -0.0417272 0.271493 0 0 0
0.11103 -0.0417346 0.271495 0 0 0
0.111033 -0.041729 0.271493 0 0 0
0.111032 -0.0417294 0.271497 0 0 0
0.111032 -0.0417319 0.271497 0 0 0
0.111032 -0.0417274 0.271502 0 0 0
0.111032 -0.041732 0.271507 0 0 0
0.111028 -0.041726 0.271497 0 0 0
0.111029 -0.0417294 0.271496 0 0 0
0.11103 -0.0417284 0.271504 0 0 0
0 0 0
0.111027 -0.0417306 0.271499 0 0 0
0.111029 -0.0417282 0.271503 0 0 0
0.111031 -0.0417302 0.2715 0 0 0
0.111027 -0.0417312 0.271497 0 0 0
0.111026 -0.0417298 0.271501 0 0 0
0.111033 -0.0416891 0.271524 0 0 0
0.11106 -0.0417206 0.271522 0 0 0
0.111045 -0.0416925 0.271529 0 0 0
0.111065 -0.0416952 0.271532 0 0 0
0.111053 -0.0416917 0.271529 0 0 0
0.111061 -0.0416852 0.271532 0 0 0
0.111059 -0.0416893 0.271537 0 0 0
0.111058 -0.0416892 0.271529 0 0 0
0.111065 -0.0416935 0.271528 0 0 0
0.111069 -0.0416928 0.271528 0 0 0
0.111051 -0.0416919 0.271515 0 0 0
0.111067 -0.0416931 0.271518 0 0 0
0.111154 -0.0415862 0.271579 0 0 0
0.111174 -0.041575 0.271578 0 0 0
0.11116 -0.0415751 0.271584 0 0 0
0.111182 -0.0415695 0.271601 0 0 0
0.111185 -0.0415858 0.271588 0 0 0
0.111178 -0.0415504 0.271591 0 0 0
0.111191 -0.0415429 0.271591 0 0 0
0.1112 -0.0415416 0.27159 0 0 0
0.11118 -0.0415504 0.271579 0 0 0
0 0 0
0.111215 -0.0415458 0.271604 0 0 0
0.111169 -0.0415681 0.271577 0 0 0
0.111202 -0.0415433 0.271587 0 0 0
0 0 0
0.111192 -0.0415652 0.271586 0 0 0
0.11121 -0.0415481 0.271592 0 0 0
0.111197 -0.0415367 0.2716 0 0 0
0.111198 -0.0415464 0.271594 0 0 0
0 0 0
0.111186 -0.0415549 0.271588 0 0 0
0.111222 -0.0415328 0.271588 0 0 0
0.111208 -0.0415227 0.271589 0 0 0
0.11123 -0.0415143 0.271598 0 0 0
0.111196 -0.0415371 0.271598 0 0 0
0.111219 -0.0415313 0.271594 0 0 0
0.111201 -0.0415455 0.271584 0 0 0
0.11119 -0.0415531 0.271587 0 0 0
0.111211 -0.0415419 0.271591 0 0 0
0.11122 -0.0415399 0.271592 0 0 0
0.111186 -0.0415517 0.271595 0 0 0
0.111191 -0.041542 0.271586 0 0 0
0.111198 -0.0415525 0.271586 0 0 0
0.111205 -0.0415364 0.27159 0 0 0
0.111203 -0.0415354 0.271588 0 0 0
0.111202 -0.0415356 0.271577 0 0 0
0.111189 -0.0415317 0.271579 0 0 0
0.111213 -0.0415257 0.271596 0 0 0
0.111209 -0.0415242 0.271587 0 0 0
0.11123 -0.0414894 0.271623 0 0 0
0.111298 -0.0414621 0.271675 0 0 0
0.111425 -0.0413675 0.27171 0 0 0
0.111335 -0.0413666 0.271758 0 0 0
0.111547 -0.041156 0.271882 0 0 0
0.111647 -0.0410657 0.271999 0 0 0
0 0 0
0.112118 -0.0405456 0.273003 0 0 0
0.117025 -0.041454 0.286998 0 0 0
0.132508 -0.0399481 0.344125 0 0 0
0.170405 -0.0384745 0.459948 0 0 0
0.223494 -0.0374323 0.601096 0 0 0
0.284254 -0.0374906 0.743859 0 0 0
0.350726 -0.0385584 0.891404 0 0 0
0.0486174 -0.005619160.834 0.428783 -0.0405786 1.06291 0.0486174 -0.00561916 0
0.0877534 -0.01302521.156 0.501821 -0.0432805 1.22787 0.0877534 -0.0130252 0
0.569389 -0.0458176 1.38085 0.134469 -0.02179851.24 0.134469 -0.0217985 0
0.627939 -0.0483001 1.48022 0.182864 -0.0009352681.414 0.182864 -0.000935268 0
0.210099 -0.006642511.414 0.681747 -0.0502176 1.53985 0.210099 -0.00664251 0
0.965296 0.0606063 1.71396
0.781184 -0.0535881 1.60451 0.288406 0.04699551.656 1.01288 0.0538911 1.76203
0.822955 -0.0551035 1.62558 1.04812 0.0543888 1.75883
0.313963 0.06802631.704 0.856635 -0.0563705 1.64299 1.07171 0.0473457 1.77168
0.881184 -0.0573188 1.65858 1.10448 0.0387376 1.79413
0.320898 0.07075451.753 0.89785 -0.057852 1.67472 1.11501 0.0334001 1.81128
0.906544 -0.0580973 1.69061 0.322495 0.07601991.753 1.11127 0.0417091 1.80569
0.330093 0.08570561.786 0.907407 -0.0579221 1.70663 1.18928 0.0624497 1.63711
0.9048 -0.0577401 1.72349 0.333746 0.1082441.808 1.12642 0.040576 1.83654
0.900578 -0.0575322 1.74111 1.11922 0.0474813 1.81596
0.299285 0.1173761.824 0.897102 -0.0574114 1.76051 1.16648 0.0542298 1.63949
0.277087 0.1115881.849 0.897166 -0.057498 1.78129 1.17158 0.046579 1.68932
0.901329 -0.0578065 1.79886 0.284853 0.1057411.871 1.27146 0.0310092 1.75297
0.907977 -0.0586465 1.81566 1.27923 0.0251625 1.75297
0.286169 0.07240391.905 0.916305 -0.0603992 1.83348 1.28055 -0.00817477 1.75297
1.29148 0.0398428 1.56669
0.9344 -0.0657142 1.87291 0.27223 0.02220391.941 1.31433 0.0107985 1.6556
0.941649 -0.0682617 1.89293 0.277024 0.01372821.966 1.31912 0.00232283 1.6556
0.948684 -0.0707528 1.91389 0.292595 -0.002983421.966 1.33469 -0.0143888 1.6556
0.95457 -0.0717028 1.93692 0.295939 0.0113222.002 1.34728 -0.0118954 1.65951
1.3571 -0.0224423 1.68895
0.963733 -0.0717505 1.9853 0.330776 0.04529992.056 1.36724 -0.0275812 1.72241
0.966673 -0.0716296 2.0076 0.338006 0.05022942.061 1.35728 -0.0153725 1.68162
0.967487 -0.0726381 2.02171 1.37138 -0.0370451 1.74759
0.352652 0.0380312.116 0.966348 -0.0739733 2.02431 1.37551 -0.0500299 1.79018
0.962145 -0.0752082 2.00811 0.360786 0.0349682.121 1.3648 -0.037639 1.70901
0.955071 -0.0761392 1.97807 0.376474 0.01005362.121 1.36631 -0.0630395 1.75403
0.944162 -0.0751631 1.95554 1.34558 -0.0432905 1.70523
0.352849 0.002500242.068 0.930497 -0.0709943 1.95035 1.32195 -0.0508439 1.70523
0.917265 -0.0641829 1.95581 0.354906 0.001537652.052 1.32401 -0.0518065 1.70523
0.904549 -0.0529086 1.96773 0.331818 0.02426152.05 1.30092 -0.0290826 1.70523
0.895978 -0.0405598 1.98124 1.26347 -0.0243523 1.71302
0.262785 0.069982.059 0.891801 -0.0253623 1.99767 1.25593 -0.0115055 1.73975
0.894326 -0.0114868 2.01422 0.255212 0.0829692.079 1.25868 0.00261489 1.72942
0.902078 0.000580481 2.03127 0.229995 0.1013142.08 1.23346 0.0209601 1.72942
0.241443 0.1069652.117 0.915699 0.0101517 2.04879 1.24491 0.0266112 1.72942
0.934873 0.018657 2.06857 0.244795 0.1073552.117 1.27067 0.0485612 1.75148
0.954595 0.024454 2.08744 1.29812 0.0411298 1.81058
0.362679 0.154432.16 0.97455 0.0294773 2.1066 1.3049 0.0431435 1.7745
0.992582 0.0326324 2.12577 0.382709 0.1667482.189 1.32634 0.0535225 1.77559
1.00713 0.0344305 2.14348 0.412971 0.1871052.209 1.44626 0.0508093 1.95538
1.01969 0.0340861 2.16113 1.47652 0.0711664 1.95538
0.455531 0.2127812.252 1.03143 0.030125 2.17919 1.51908 0.0968421 1.95538
1.04301 0.0231613 2.1975 0.468978 0.1907812.252 1.42994 0.0933961 1.81601
1.44339 0.0713963 1.81601
1.07327 -0.00100611 2.23873 0.503475 0.1656652.298 1.47789 0.0462803 1.81601
0.555518 0.1622182.325 1.08994 -0.012908 2.25765 1.52993 0.0428334 1.81601
1.10988 -0.0261497 2.27832 0.563262 0.1910522.341 1.75747 0.00142406 2.27194
1.12891 -0.0379955 2.29292 0.595681 0.1984932.355 1.68725 -0.0410304 2.13667
1.14953 -0.0507068 2.28883 1.71492 -0.0602426 2.14241
0.64347 0.2304232.388 1.16901 -0.0657124 2.25313 1.76271 -0.0283125 2.14241
0.676662 0.232522.38 1.1889 -0.0805112 2.18303 1.7959 -0.0262156 2.14241
1.2103 -0.0996435 2.08426 1.79058 -0.0546102 2.00149
0.698475 0.2512572.282 1.2329 -0.119696 1.99469 1.86879 -0.0272828 2.06284
1.25689 -0.141059 1.92087 0.717776 0.2576212.236 1.8697 -0.0598712 1.94155
1.28301 -0.161985 1.85817 0.731346 0.2565172.107 1.88327 -0.0609754 1.94155
1.31117 -0.177627 1.8028 1.89684 -0.0620797 1.94155
0.783149 0.2406021.965 1.34299 -0.189693 1.74789 1.8458 -0.102741 1.81696
0.829963 0.2463211.876 1.38119 -0.19381 1.68963 1.92479 -0.149662 1.88961
1.42305 -0.193099 1.63071 0.862501 0.2617261.804 1.88956 -0.124909 1.76864
1.9221 -0.109504 1.76864
1.5146 -0.182408 1.51556 0.911486 0.3093231.702 1.97109 -0.0619072 1.76864
1.55915 -0.178169 1.47473 2.02007 -0.0143105 1.76864
0.997672 0.3140371.6 1.60885 -0.175089 1.44246 2.10626 -0.00959657 1.76864
1.04732 0.3193431.547 1.6539 -0.173572 1.4208 2.15591 -0.0042905 1.76864
1.70108 -0.173969 1.40309 1.09362 0.3165871.525 2.20221 -0.00704645 1.76864
1.14853 0.305411.505 1.74194 -0.174212 1.39007 2.25711 -0.0182235 1.76864
1.78221 -0.172875 1.37938 2.31201 -0.0294006 1.76864
1.21704 0.3236041.484 1.81685 -0.169495 1.37204 2.38053 -0.0112067 1.76864
1.84975 -0.162189 1.36583 1.25233 0.3289851.469 2.41582 -0.00582568 1.76864
1.87568 -0.153267 1.36217 2.4511 -0.000444652 1.76864
1.2767 0.3437331.46 1.89614 -0.143635 1.36203 2.47548 0.0143029 1.76864
1.91354 -0.134238 1.36599 1.27562 0.3526991.454 2.4744 0.0232696 1.76864
2.47332 0.0322362 1.76864
1.942 -0.115909 1.38181 1.28772 0.3381671.459 2.48541 0.0177037 1.76864
1.95437 -0.107137 1.3917 1.28809 0.3272981.469 2.48578 0.00683465 1.76864
1.96774 -0.0960945 1.40319 2.48615 -0.00403435 1.76864
1.31962 0.2954761.489 1.97899 -0.0851497 1.41391 2.51769 -0.0358563 1.76864
2.54923 -0.0676782 1.76864
1.99831 -0.0569348 1.43787 1.32666 0.320061.513 2.55627 -0.0430935 1.76864
2.00588 -0.0402286 1.4523 2.5633 -0.0185089 1.76864
1.31653 0.3527721.546 2.01045 -0.0246522 1.466 2.55317 0.0142025 1.76864
1.31396 0.3683971.549 2.01279 -0.00895989 1.48039 2.5506 0.0298274 1.76864
2.01228 0.00623033 1.49425 2.21484 0.18163 1.33902
1.29752 0.3831461.582 2.00897 0.0211555 1.5081 2.2142 0.186045 1.34653
2.20126 0.198404 1.38993
1.99532 0.047101 1.53309 1.30561 0.4064981.603 2.20423 0.185341 1.36566
2.19813 0.217779 1.37163
1.9706 0.0711639 1.55611 1.28587 0.3743571.634 2.17307 0.189433 1.39959
1.95653 0.0799148 1.56715 1.28637 0.3834631.642 2.1653 0.212592 1.3875
1.27748 0.3856171.65 1.94138 0.0866283 1.57854 2.16408 0.218899 1.37812
1.92656 0.0912157 1.58945 2.15425 0.211024 1.39514
1.27486 0.3581761.669 1.91081 0.0958566 1.6006 2.15163 0.183583 1.39514
1.89572 0.101685 1.61006 2.149 0.156142 1.39514
1.26076 0.3240671.69 1.87998 0.112233 1.61933 2.12456 0.136726 1.43342
1.86508 0.131992 1.62919 1.2549 0.3340591.708 2.11963 0.161514 1.43557
2.11377 0.171506 1.43557
1.84 0.201074 1.64859 1.23602 0.3806031.716 2.09489 0.21805 1.43557
1.83013 0.251084 1.65759 1.20102 0.4148231.73 2.05989 0.25227 1.43557
2.02488 0.286491 1.43557
1.81975 0.370131 1.67907 1.14559 0.4782711.752 1.96946 0.349938 1.43557
1.82019 0.427811 1.692 1.91403 0.413386 1.43557
1.11627 0.5391451.765 1.8236 0.481596 1.70434 1.88471 0.47426 1.43557
1.83052 0.536701 1.71596 1.12923 0.5786841.779 1.89767 0.513799 1.43557
1.83881 0.587091 1.72525 1.91063 0.553337 1.43557
1.13766 0.6410271.808 1.84905 0.63839 1.73385 1.91906 0.61568 1.43557
1.85851 0.682476 1.74149 1.12648 0.67891.812 1.90788 0.653553 1.43557
1.13331 0.7266871.817 1.86681 0.719644 1.74807 1.9147 0.701341 1.43557
1.87664 0.754969 1.75419 1.13671 0.7639941.822 1.91811 0.738648 1.43557
1.88883 0.784403 1.75928 1.14811 0.825721.824 1.9295 0.800374 1.43557
1.90299 0.80286 1.76369 1.9409 0.8621 1.43557
1.17483 0.8690921.837 1.92173 0.80961 1.76958 2.09472 0.468603 1.80187
1.17894 0.8527361.843 1.9402 0.806301 1.77603 2.09883 0.452247 1.80187
1.95993 0.800086 1.78298 1.18019 0.8499081.851 2.10008 0.449419 1.80187
1.98147 0.795534 1.78991 2.10133 0.44659 1.80187
1.21932 0.7987361.863 2.00465 0.799519 1.79681 2.14046 0.395418 1.80187
2.02855 0.817039 1.80403 2.10976 0.678734 1.57139
1.23427 0.8449741.871 2.05259 0.849652 1.81151 2.11894 0.683226 1.57048
2.07574 0.898648 1.81775 2.14142 0.742954 1.54358
1.25955 0.949551.887 2.09568 0.960267 1.82101 2.15283 0.79208 1.49815
2.11255 1.02673 1.82171 1.2587 1.015551.887 2.15198 0.858081 1.49815
2.12666 1.09355 1.82033 2.15113 0.924083 1.49815
1.25014 1.086641.885 2.1406 1.15946 1.81892 2.28307 1.11123 1.63888
2.15456 1.21746 1.81707 1.26186 1.122051.885 2.29479 1.14665 1.63888
2.16659 1.2662 1.81441 2.3065 1.18206 1.63888
1.28486 1.195591.882 2.32951 1.2556 1.63888
2.18734 1.34479 1.80854 2.35251 1.32913 1.63888
1.29078 1.246711.879 2.19345 1.37689 1.8065 2.35842 1.38025 1.63888
2.36434 1.43137 1.63888
2.19898 1.42013 1.81239 1.27765 1.308971.892 2.35121 1.49363 1.63888
2.1981 1.43241 1.81936 1.27262 1.323361.867 2.3714 1.75131 1.57306
2.19605 1.43935 1.82693 2.36689 1.74934 1.6096
1.31847 1.35211.87 2.36209 1.73568 1.61736
2.1863 1.44536 1.83946 1.32752 1.362851.882 2.37115 1.74643 1.61736
2.17834 1.44636 1.8437 2.43587 1.75393 1.6182
1.28166 1.359711.897 2.16706 1.44737 1.8466 2.38661 1.76265 1.61756
2.15209 1.44811 1.84934 1.26127 1.376961.909 2.3752 1.75271 1.63351
2.13496 1.44944 1.85248 1.25683 1.358791.911 2.37076 1.73454 1.63351
2.11394 1.45254 1.85822 1.26317 1.324651.912 2.37711 1.7004 1.63351
2.08821 1.46067 1.86851 1.24991 1.321851.916 2.36384 1.6976 1.63351
2.05679 1.4746 1.88235 1.20994 1.309451.929 2.32388 1.6852 1.63351
2.0199 1.49472 1.89862 2.28391 1.6728 1.63351
1.11233 1.353951.955 1.97954 1.51923 1.91485 2.1863 1.7173 1.63351
1.93243 1.54854 1.93258 2.08868 1.7618 1.63351
1.05211 1.393381.982 1.88186 1.90362 1.79807
1.83245 1.60899 1.9601 1.8215 1.93413 1.81593
1.00979 1.415012.017 1.78024 1.63836 1.97035 1.83434 1.95675 1.82154
1.72393 1.66677 1.98236 0.968965 1.407832.029 1.76417 1.96438 1.83467
1.66578 1.69253 1.99629 0.904668 1.407852.046 1.73248 1.99821 1.86277
1.60419 1.71756 2.012 0.875989 1.413932.066 1.69258 2.01173 1.77561
1.54292 1.7421 2.02851 1.63268 2.02795 1.80097
0.791394 1.439642.085 1.48568 1.76543 2.04587 1.54809 2.05366 1.80097
1.43784 1.78466 2.0631 0.727058 1.455422.103 1.48375 2.06944 1.80097
1.39526 1.80161 2.0812 0.690579 1.464742.122 1.26079 2.19593 2.1515
1.35949 1.81237 2.09806 0.666006 1.489832.122 1.22374 2.19005 2.17543
1.19651 2.21449 2.20185
1.30051 1.81518 2.12557 0.623173 1.503712.165 1.14794 2.20981 2.11403
1.16592 2.1811 2.24114
1.23913 1.79642 2.14862 0.579317 1.478932.187 1.1285 2.20814 2.15345
1.20157 1.78251 2.15989 0.539204 1.452722.211 1.10736 2.18452 2.14774
1.15556 1.76748 2.16922 0.530498 1.442342.22 0.99137 2.13509 2.02649
1.09265 1.75187 2.17553 0.962003 2.12164 2.05842
0.435454 1.402122.241 1.02335 1.73887 2.17647 0.908336 2.085 2.04143
0.936907 1.72702 2.17405 0.372111 1.367682.266 0.928118 2.06909 2.15425
0.297975 1.340732.244 0.840179 1.71704 2.17006 0.781407 2.03928 2.01657
0.739944 1.70877 2.16564 0.719675 2.02329 2.00145
0.173368 1.303042.225 0.64659 1.70325 2.16122 0.662616 2.00724 1.99844
0.557233 1.69991 2.15666 0.607476 2.00747 2.00298
0.0648202 1.262672.213 0.460422 1.98379 1.93385
0.413194 1.70405 2.14461 0.0104176 1.285422.213 0.39538 2.04885 1.98958
0.357395 1.71033 2.13723 -0.0464098 1.301122.205 0.431386 2.00276 1.97797
0.311891 1.71708 2.12922 -0.104476 1.295372.192 0.317831 2.05799 1.96781
0.277261 1.72312 2.12058 0.144298 2.05938 1.81501
-0.130583 1.297372.179 0.252227 1.7279 2.11199 0.129035 2.0555 1.81585
0.128956 2.06299 1.76155
0.209156 1.73683 2.08885 -0.186092 1.321592.166 0.125164 2.08334 1.73719
-0.020341 2.42254 0.706848
0.112928 1.74793 2.05655 -0.279373 1.317862.156 0.0379335 2.09117 1.81693
0.0425717 1.74967 2.04585 -0.0308712 2.10406 1.81572
-0.423951 1.28612.11 -0.0445989 1.74434 2.03721 -0.102126 2.1112 1.7961
-0.140846 1.7285 2.02844 -0.500419 1.270392.106 -0.175587 2.13367 1.78623
-0.23757 1.69755 2.019 -0.252055 2.11796 1.78623
-0.585298 1.165372.09 -0.317156 1.65715 2.0107 -0.336933 2.01293 1.78623
-0.363335 1.62634 2.00528 -0.618854 1.116942.08 -0.642406 1.92424 1.79467
-0.363335 1.62634 2.00528 -0.650287 1.059622.08 -0.673839 1.86691 1.79467
-0.400995 1.59623 2.00073 -0.705272 1.80959 1.79467
-0.599885 1.03312.042 -0.400995 1.59623 2.00073 -0.654869 1.78307 1.79467
-0.566749 1.028882.042 -0.471703 1.50994 1.9916 -0.873972 1.65376 2.17091
-0.467835 1.39034 1.98183 -0.558069 1.002862.048 -0.857323 1.61679 2.14091
-0.448698 1.35389 1.97995 -0.539233 0.9835112.042 -0.834711 1.58053 2.14479
-0.424111 1.31397 1.98021 -0.504555 0.9541262.042 -0.81432 1.53303 2.12929
-0.398616 1.27738 1.98155 -0.470761 0.9202012.043 -0.780526 1.49911 2.12929
-0.369654 1.24139 1.98352 -0.746731 1.46518 2.12929
-0.392229 0.8588262.053 -0.342625 1.20968 1.98602 -0.75032 1.34772 2.00237
-0.317069 1.18062 1.98909 -0.650924 1.30316 1.81523
-0.350221 0.8050612.061 -0.292177 1.15372 1.99312 -0.626555 1.26209 1.80983
-0.271644 1.12865 1.99733 -0.322259 0.7970762.073 -0.612323 1.24947 1.81876
-0.256708 1.10558 2.00119 -0.582208 1.21699 1.84128
-0.259684 0.7631382.074 -0.249411 1.08362 2.00487 0-0.519633 1.18305 1.84128
-0.247636 1.05814 2.00992 -0.457058 1.14911 1.84128
-0.283729 0.6928652.082 -0.251519 1.02991 2.01629 -0.35726 1.12529 1.74913
-0.258769 0.998054 2.02233 -0.270426 0.6646752.085 -0.354353 1.10056 1.66622
-0.26925 0.963133 2.02613 -0.269059 0.6352972.098 -0.346366 1.08009 1.77545
-0.284382 0.921435 2.02814 -0.289092 0.6090532.101 -0.350056 1.05068 1.72888
-0.29883 0.882251 2.02973 -0.299935 0.5768412.103 -0.358742 1.02755 1.79074
-0.3134 0.840975 2.03201 -0.295256 0.5520442.108 -0.354063 1.00275 1.79074
-0.32642 0.797137 2.03474 -0.308999 0.5309232.1 -0.367807 0.98163 1.79074
-0.326769 0.4937082.103 -0.402505 0.881836 1.7485
-0.337762 0.702614 2.0411 -0.318965 0.4565262.11 -0.40791 0.842174 1.76123
-0.334625 0.651564 2.044 -0.419566 0.720046 1.92812
-0.306447 0.3926722.11 -0.323167 0.598132 2.04652 -0.423421 0.680955 1.91354
-0.304704 0.547312 2.0481 -0.410903 0.617101 1.91354
-0.227035 0.315572.114 -0.281325 0.503351 2.04896 -0.331491 0.539999 1.91354
-0.257505 0.465304 2.04985 -0.249615 0.373833 1.94076
-0.161485 0.2974772.123 -0.230361 0.426841 2.05312 -0.184065 0.355741 1.94076
-0.140361 0.2833582.123 -0.205465 0.393933 2.05886 -0.162941 0.341621 1.94076
-0.183219 0.363998 2.06602 -0.132954 0.2728072.123 -0.150773 0.23284 1.96343
-0.163032 0.337252 2.0737 -0.128596 0.19217 1.97456
-0.0664294 0.2353392.139 -0.144456 0.313544 2.0821 -0.0769841 0.150575 2.00234
-0.128077 0.291734 2.09152 -0.0938271 0.100375 1.84302
-0.0624031 0.1936062.151 -0.113613 0.273382 2.10128 -0.091165 0.0733639 1.7908
-0.0991566 0.255719 2.11167 -0.0388445 0.1746352.171 -0.079744 0.0542542 1.80748
-0.07316 0.0261858 1.76548
-0.0681565 0.224648 2.13443 -0.0210615 0.1327082.189 -0.0496611 0.0375243 1.87646
-0.0494159 0.212628 2.14513 -0.0173184 0.1807062.206 -0.0462905 0.0211177 1.79737
-0.0288141 0.203142 2.15254 -0.0318095 0.1986062.212 -0.0331437 -1.4953e-05 1.82587
-0.000446639 0.193566 2.15829 -0.0299537 0.0172796 1.81384
0.00774585 0.2062712.231 0.0332409 0.185297 2.16073 -0.00246724 0.0112325 1.84693
0.0564632 0.2164942.23 0.0808534 0.175762 2.16039 0.0182692 0.00460723 1.84352
0.0549588 -0.00795704 1.82928
0.193765 0.15749 2.15519 0.134595 0.1626382.231 0.100017 -0.0268753 1.82876
0.267378 0.148237 2.15284 0.170529 0.1571342.231 -0.199382 0.0106802 1.62253
0.336805 0.141522 2.1514 0.199065 0.1630352.235 0.224113 -0.0419939 2.02803
0.235106 0.1558952.225 0.415435 0.13704 2.14991 0.290129 -0.0396871 2.03796
0.278481 0.181382.216 0.491228 0.136655 2.14729 0.474223 -0.045122 2.21576
0.536929 0.13702 2.14506 0.321582 0.1776532.218 0.517325 -0.0488486 2.21576
