0.000540836 -0.000171532 0.495
0.00115139 -0.000486967 0.493
0.00179798 -0.000901864 0.493
0.00243292 -0.00130874 0.495
0.00300427 -0.00163763 0.495
0.00351911 -0.00189345 0.495
0.00399461 -0.00209849 0.495
0.0045019 -0.0023058 0.494
0.00500511 -0.00249307 0.494
0.00546668 -0.00264627 0.494
0.00594049 -0.00280619 0.494
0.00630103 -0.00289706 0.495
0.00673409 -0.00304399 0.495
0.00706646 -0.00312797 0.495
0.00746532 -0.00326247 0.495
0.00777685 -0.00334281 0.495
0.00814274 -0.00346514 0.495
0.00848787 -0.00357323 0.501
0.00877241 -0.00365532 0.501
0.0092931 -0.00385494 0.505
0.00953959 -0.00388038 0.501
0.00963327 -0.00384159 0.501
0.00988726 -0.00391017 0.501
0.0102517 -0.00402065 0.501
0.0105057 -0.00406369 0.501
0.0106116 -0.00403946 0.502
0.0108183 -0.0040831 0.502
0.0109705 -0.00409649 0.496
0.011157 -0.00413192 0.496
0.0113445 -0.00416997 0.496
0.0114377 -0.00416266 0.496
0.0116148 -0.00420747 0.494
0.0117602 -0.00423235 0.494
0.0117881 -0.00420088 0.494
0.0119056 -0.00422817 0.496
0.0119693 -0.00422471 0.496
0.0120779 -0.00424837 0.497
0.0121187 -0.00423626 0.497
0.0122193 -0.00425591 0.497
0.0123974 -0.00431363 0.5
0.0124336 -0.00429518 0.5
0.0124769 -0.00429469 0.5
0.0125669 -0.00432406 0.5
0.0126269 -0.00433573 0.5
0.0126891 -0.00435167 0.5
0.0126968 -0.00434004 0.5
0.0127634 -0.00436609 0.5
0.0128385 -0.0043929 0.5
0.0128689 -0.00439867 0.495
0.0129141 -0.00442317 0.495
0.0129372 -0.00443613 0.493
0.0129714 -0.00445703 0.493
0.0129849 -0.00446571 0.493
0.0129441 -0.00444592 0.493
0.0129663 -0.00446822 0.493
0.0129231 -0.00444901 0.493
0.0130033 -0.00450336 0.493
0.0130333 -0.00451804 0.493
0.0130165 -0.00450486 0.493
0.0130582 -0.00452095 0.493
0.0130672 -0.00451366 0.493
0.0131136 -0.00452764 0.493
0.0131482 -0.00453207 0.493
0.013195 -0.00454285 0.493
0.0132282 -0.00454554 0.493
0.0132714 -0.00455451 0.493
0.0132465 -0.00452788 0.493
0.0132269 -0.00451148 0.493
0.0132872 -0.00453799 0.493
0.0133372 -0.00454484 0.493
0.0133798 -0.00454396 0.493
0.0134292 -0.00454563 0.493
0.0134751 -0.00454457 0.493
0.0135217 -0.00454391 0.493
0.0135668 -0.00454278 0.494
0.0136099 -0.00454135 0.494
0.0138848 -0.00464808 0.494
0.0139381 -0.00463091 0.494
0.0141389 -0.0046983 0.494
0.0143148 -0.00475555 0.494
0.0144945 -0.00481835 0.494
0.0146942 -0.00489272 0.494
0.0152003 -0.00511644 0.493
0.0167551 -0.00603711 0.493
0.0159434 -0.00548022 0.493
0.0156967 -0.00534187 0.493
0.0154686 -0.00515064 0.493
0.0153824 -0.00509334 0.493
0.0153385 -0.00509992 0.491
0.0152296 -0.00508603 0.491
0.0152083 -0.00517238 0.491
0.0152717 -0.00532998 0.491
0.0153387 -0.00548211 0.491
0.0154163 -0.00564074 0.491
0.0154165 -0.00573163 0.491
0.0155086 -0.00591003 0.491
0.0155764 -0.00608205 0.491
0.0155578 -0.00612805 0.491
0.0155891 -0.00618181 0.491
0.0155867 -0.0061848 0.491
0.0156405 -0.00620736 0.491
0.0156157 -0.00616871 0.491
0.0171867 -0.00713051 0.491
0.0167871 -0.00687727 0.493
0.0164471 -0.006641 0.493
0.0163763 -0.00654774 0.493
0.0164658 -0.00643952 0.493
0.0166221 -0.00632858 0.493
0.0168002 -0.00621632 0.493
0.0169394 -0.00609309 0.493
0.0169791 -0.00594875 0.493
0.0170405 -0.005821 0.493
0.017096 -0.00569761 0.493
0.0171537 -0.00558012 0.493
0.0172608 -0.0054799 0.493
0.0172552 -0.00536131 0.493
0.016969 -0.00520762 0.493
0.0167822 -0.00513795 0.493
0.0165825 -0.00507234 0.493
0.0163359 -0.00498928 0.493
0.0161778 -0.00495646 0.493
0.0160126 -0.00491454 0.493
0.0157752 -0.00483529 0.493
0.0156181 -0.00480426 0.493
0.0154687 -0.00477133 0.493
0.0153264 -0.00473682 0.493
0.0150864 -0.00466317 0.493
0.0149349 -0.00466076 0.493
0.0147904 -0.00465972 0.493
0.0145989 -0.00462615 0.493
0.014463 -0.00463087 0.493
0.0142863 -0.00460248 0.493
0.0141715 -0.004615 0.493
0.0140695 -0.00462656 0.493
0.0139271 -0.00460654 0.493
0.0138006 -0.00460839 0.493
0.0136064 -0.00462161 0.499
0.0134148 -0.00466982 0.499
0.0131782 -0.00467787 0.499
0.0129901 -0.00474645 0.499
0.0128168 -0.00482051 0.499
0.0126014 -0.00483637 0.499
0.0124451 -0.00492017 0.499
0.0122448 -0.00493554 0.499
0.0121292 -0.00504855 0.466
0.0120106 -0.00510902 0.466
0.0119103 -0.00514491 0.466
0.0118507 -0.0052078 0.466
0.011816 -0.00528276 0.466
0.0117167 -0.00528535 0.466
0.0116574 -0.00533349 0.433
0.0115618 -0.00533992 0.433
0.0115098 -0.00539277 0.433
0.0114203 -0.00539908 0.433
0.0114278 -0.00549982 0.433
0.0113667 -0.00551689 0.433
0.0113865 -0.0055272 0.433
0.0113839 -0.00548195 0.433
0.0114424 -0.00545435 0.433
0.011516 -0.00541698 0.433
0.0115869 -0.00536811 0.433
0.0116617 -0.00531725 0.433
0.0117324 -0.00526304 0.433
0.0118016 -0.0052089 0.433
0.0119479 -0.0051823 0.433
0.0119997 -0.00509182 0.433
0.0121281 -0.00503177 0.433
0.0121832 -0.00494279 0.438
0.0124157 -0.00492021 0.438
0.0125528 -0.00485641 0.438
0.0126316 -0.00477779 0.438
0.0127057 -0.00470637 0.438
0.0128178 -0.00465271 0.438
0.0129183 -0.00459667 0.457
0.0129646 -0.00454544 0.457
0.0128321 -0.00446673 0.457
0.0127185 -0.00442599 0.457
0.0125529 -0.00436252 0.457
0.0124286 -0.00432807 0.457
0.0123042 -0.00429037 0.457
0.0121914 -0.00425751 0.457
0.0120831 -0.00422585 0.457
0.0119802 -0.00419563 0.457
0.011885 -0.00416819 0.457
0.0118499 -0.00410211 0.457
0.0118589 -0.00408616 0.457
0.0119679 -0.00417557 0.457
0.0120156 -0.00423911 0.457
0.0121385 -0.00439001 0.457
0.0122512 -0.00453681 0.457
0.0123758 -0.00469941 0.457
0.0124956 -0.00485965 0.457
0.0125529 -0.00496598 0.457
0.0126705 -0.00513673 0.457
0.0127485 -0.00525458 0.457
0.012985 -0.00534668 0.457
0.013296 -0.00540213 0.457
0.0135324 -0.00538645 0.457
0.0138429 -0.00538573 0.457
0.0140391 -0.00533084 0.457
0.0159849 -0.00605696 0.457
0.0157619 -0.00585476 0.457
0.0156462 -0.00567985 0.457
0.0155552 -0.00548999 0.434
0.0156652 -0.00542229 0.434
0.015708 -0.00531653 0.434
0.0156774 -0.0051832 0.434
0.0157135 -0.0050611 0.434
0.0157681 -0.00493538 0.434
0.0157325 -0.00479157 0.434
0.0157806 -0.00466649 0.434
0.0157811 -0.00453597 0.434
0.0158567 -0.00442074 0.434
0.0157971 -0.00428739 0.434
0.015866 -0.00416636 0.434
0.0158543 -0.00405722 0.434
0.0159708 -0.00399959 0.438
0.0161018 -0.00395933 0.438
0.0161307 -0.00390208 0.438
0.0162642 -0.00388422 0.465
0.0163891 -0.00386564 0.465
0.0167689 -0.00391974 0.465
0.0169306 -0.00390392 0.465
0.0166298 -0.00375924 0.465
0.0166857 -0.00374664 0.465
0.0166569 -0.00373553 0.465
0.0167288 -0.00379055 0.465
0.0168101 -0.0038581 0.465
0.0167924 -0.00388674 0.465
0.0170751 -0.0040673 0.465
0.0173806 -0.00423601 0.465
0.0176914 -0.00439724 0.465
0.0178072 -0.00445983 0.465
0.0177423 -0.00447902 0.465
0.0176586 -0.00450823 0.465
0.0175033 -0.00449293 0.465
0.017473 -0.00453134 0.465
0.0173993 -0.00453007 0.465
0.0172265 -0.00447947 0.465
0.0171481 -0.00447335 0.465
0.0170581 -0.00445403 0.465
0.016933 -0.00441797 0.465
0.0168712 -0.00440848 0.465
0.0167268 -0.00435464 0.465
0.0166477 -0.00436182 0.465
0.0164898 -0.00433845 0.465
0.0163989 -0.00436249 0.465
0.0163211 -0.00439279 0.465
0.0162511 -0.00442602 0.465
0.0161836 -0.00445876 0.465
0.0161124 -0.00448701 0.465
0.0159925 -0.00448681 0.465
0.0159268 -0.00452094 0.465
0.015811 -0.00452162 0.465
0.015846 -0.00456202 0.465
0.0157853 -0.0045313 0.465
0.0158766 -0.00455948 0.465
0.0159131 -0.00454945 0.465
0.0158867 -0.00451323 0.465
0.0159142 -0.00450242 0.465
0.0159266 -0.00448238 0.465
0.0159605 -0.00447124 0.465
0.015991 -0.00445765 0.465
0.0159008 -0.00439771 0.465
0.0157538 -0.0044132 0.465
0.0155014 -0.00440075 0.465
0.0153053 -0.00446682 0.465
0.0151147 -0.00453887 0.465
0.0149332 -0.00461653 0.465
0.0147647 -0.00470122 0.465
0.0145558 -0.00473976 0.465
0.0144078 -0.00483597 0.465
0.0141999 -0.00485817 0.465
0.0141374 -0.00499872 0.465
0.014149 -0.00501055 0.465
0.014221 -0.00496868 0.465
0.0142796 -0.00487936 0.465
0.0142809 -0.00475753 0.465
0.0143343 -0.00463635 0.465
0.0143618 -0.00450407 0.465
0.0143332 -0.00436371 0.465
0.0143782 -0.00423523 0.465
0.0143486 -0.00409904 0.465
0.0144121 -0.00396913 0.465
0.014354 -0.00387824 0.465
0.0142735 -0.00381941 0.465
0.0141854 -0.00378004 0.465
0.0140856 -0.00374918 0.465
0.013998 -0.00373296 0.465
0.0139031 -0.00371618 0.465
0.0137632 -0.00368034 0.465
0.0137061 -0.00368831 0.465
0.0135752 -0.00365614 0.465
0.0134563 -0.00354132 0.465
0.0131656 -0.00380714 0.465
0.0128403 -0.00438863 0.461
0.0124989 -0.00505685 0.461
0.0121409 -0.00559901 0.461
0.0117991 -0.0062715 0.461
0.0114837 -0.00711432 0.57
0.0111872 -0.00796428 0.57
0.0108989 -0.00870839 0.57
0.0107406 -0.00977095 0.567
0.0106724 -0.0101613 0.567
0.0106886 -0.0104374 0.567
0.010759 -0.0106138 0.567
0.0108289 -0.0106675 0.567
0.010912 -0.0106684 0.567
0.0109367 -0.0105594 0.567
0.0110187 -0.0104995 0.567
0.0110823 -0.0103956 1.498
0.0111691 -0.0103074 1.498
0.0111836 -0.0102052 3.258
0.0110466 -0.0100462 3.258
0.0109028 -0.00994249 3.257
0.0107843 -0.00985149 3.257
0.0107045 -0.00975777 3.257
0.0107118 -0.00973348 3.257
0.0107053 -0.00967296 3.257
0.0108307 -0.0098337 3.257
0.01094 -0.00993269 3.257
0.0111396 -0.010192 3.257
0.0113836 -0.0104473 3.257
0.0117192 -0.0107293 3.257
0.0120868 -0.0110281 0.3
0.0124371 -0.0113062 0.3
0.0127916 -0.0115921 0.3
0.0131124 -0.0118207 0.3
0.0132958 -0.0118806 0.3
0.013563 -0.0121004 0.3
0.0137082 -0.0121657 0.3
0.0139415 -0.0124002 0.3
0.014088 -0.0126842 0.3
0.014053 -0.0126752 0.3
0.014035 -0.0126356 0.3
0.0139301 -0.0124295 0.3
0.0138556 -0.0122047 0.355
0.0137146 -0.0118941 0.355
0.0136336 -0.0116111 0.394
0.0135013 -0.0112848 0.394
0.013434 -0.0110001 0.471
0.0133752 -0.0107163 0.471
0.0132557 -0.0103572 0.534
0.0130204 -0.00902081 0.534
0.0124055 -0.00477825 0.534
0.0113793 0.0027569 0.534
0.0100821 0.0106132 0.617
0.00823359 0.0180388 0.617
0.00621346 0.0252537 0.777
0.00346319 0.033532 0.777
0.00279676 0.0396343 0.856
0.00305 0.0465524 0.856
0.00389226 0.0558595 0.94
0.00438776 0.0653877 0.94
0.00599944 0.0743982 1.022
0.00807229 0.0850833 1.022
0.0132941 0.0933316 1.114
0.0226364 0.10185 1.114
0.0294327 0.108668 1.114
0.0337553 0.112723 1.114
0.038074 0.115263 1.114
0.0461717 0.117569 1.114
0.0560092 0.118857 1.114
0.0671973 0.121395 1.183
0.109329 0.126198 1.183
0.150737 0.132218 1.183
0.189641 0.139134 1.356
0.227614 0.146213 1.356
0.263102 0.153163 1.378
0.296838 0.159121 1.404
0.328354 0.163538 1.404
0.360793 0.166209 1.404
0.391574 0.166125 1.404
0.419963 0.16484 1.428
0.448775 0.162866 1.428
0.4761 0.159663 1.431
0.501731 0.155212 1.431
0.526784 0.151299 1.453
0.551571 0.148665 1.453
0.575062 0.145329 1.453
0.59537 0.137987 1.453
0.615252 0.132513 1.453
0.635234 0.129869 1.453
0.655 0.128173 1.457
0.675586 0.12554 1.457
0.696016 0.123239 1.486
0.716374 0.120948 1.486
0.73697 0.119673 1.503
0.757585 0.117856 1.503
0.786977 0.110044 1.514
0.802126 0.101588 1.514
0.815835 0.0935161 1.524
0.828608 0.0869141 1.524
0.840743 0.0784893 1.54
0.851713 0.0707594 1.54
0.861579 0.0644827 1.549
0.870733 0.0583868 1.549
0.879382 0.0543269 1.568
0.890105 0.0525965 1.568
0.899664 0.0541622 1.571
0.909865 0.057971 1.586
0.920957 0.0582523 1.586
0.93153 0.0574501 1.593
0.939603 0.0553562 1.593
0.946024 0.0540433 1.605
0.95121 0.0542323 1.605
0.958275 0.0582507 1.622
0.968368 0.0637405 1.622
0.9795 0.0693568 1.623
0.987918 0.0731533 1.623
0.996051 0.0746882 1.641
1.00162 0.0726047 1.641
1.00865 0.069246 1.655
1.01348 0.0674654 1.655
1.01754 0.0684932 1.666
1.01974 0.071999 1.666
1.02431 0.0755342 1.666
1.02965 0.0792773 1.666
1.03764 0.0833207 1.681
1.04895 0.0861678 1.681
1.05827 0.0880162 1.702
1.06686 0.0882774 1.702
1.07401 0.0872779 1.724
1.08032 0.0862187 1.724
1.0866 0.0861182 1.726
1.09438 0.0878169 1.726
1.10365 0.0906712 1.756
1.1126 0.0930234 1.756
1.12031 0.0963915 1.761
1.12741 0.0982979 1.761
1.13222 0.0994443 1.779
1.1347 0.10069 1.779
1.13436 0.103906 1.795
1.13226 0.106848 1.795
1.13059 0.109853 1.801
1.12991 0.112537 1.801
1.13174 0.11492 1.816
1.13423 0.116086 1.816
1.13667 0.11874 1.821
1.13923 0.121212 1.822
1.14122 0.124134 1.822
1.14129 0.127433 1.821
1.13871 0.128467 1.821
1.1333 0.12822 1.812
1.12721 0.12646 1.812
1.12055 0.123183 1.812
1.11638 0.118958 1.809
1.11465 0.113474 1.809
1.11569 0.109448 1.768
1.11581 0.105343 1.768
1.11441 0.102098 1.768
1.11418 0.0998182 1.768
1.11573 0.0976352 1.752
1.11977 0.0937553 1.752
1.12658 0.0868777 1.75
1.13522 0.0812657 1.75
1.14234 0.0739303 1.75
1.14638 0.0650079 1.75
1.15045 0.0550234 1.754
1.15507 0.0481821 1.754
1.16255 0.0390732 1.759
1.1701 0.0316789 1.77
1.17576 0.0283729 1.77
1.18017 0.0270859 1.779
1.18536 0.0267024 1.779
1.19071 0.0247756 1.78
1.19579 0.0220534 1.78
1.1992 0.020998 1.802
1.19943 0.0227433 1.802
1.19922 0.0275252 1.817
1.20017 0.0322517 1.817
1.20177 0.0361148 1.817
1.20257 0.0408726 1.817
1.20271 0.0468336 1.831
1.20192 0.0570276 1.831
1.20005 0.0651192 1.855
1.1987 0.07128 1.855
1.20142 0.0794191 1.86
1.20818 0.0916182 1.86
1.22009 0.105916 1.885
1.23074 0.117767 1.885
1.23962 0.125745 1.889
1.2479 0.132067 1.889
1.25523 0.140841 1.901
1.26227 0.150299 1.901
1.27073 0.158441 1.909
1.28174 0.16207 1.909
1.29341 0.162788 1.916
1.30374 0.159897 1.916
1.31197 0.16019 1.945
1.31829 0.162151 1.945
1.32468 0.165872 1.952
1.3289 0.16834 1.952
1.32983 0.170725 1.952
1.32941 0.17277 1.966
1.32852 0.174575 1.966
1.33024 0.173894 1.966
1.33216 0.17635 1.966
1.33149 0.17981 1.966
1.32812 0.182924 1.998
1.32529 0.184822 1.998
1.32895 0.186706 2.014
1.33661 0.191671 2.014
1.34512 0.198158 2.025
1.35105 0.206784 2.025
1.35579 0.213505 2.041
1.36421 0.214352 2.041
1.37444 0.215499 2.041
1.38781 0.214637 2.041
1.39803 0.215533 2.055
1.40784 0.216117 2.055
1.42199 0.21789 2.068
1.43786 0.220285 2.068
1.44897 0.217878 2.086
1.45722 0.211298 2.086
1.46568 0.207357 2.088
1.47576 0.210632 2.086
1.48582 0.21327 2.086
1.49565 0.214156 2.08
1.50483 0.214335 2.08
1.51129 0.214264 2.033
1.51294 0.215361 2.033
1.51161 0.218432 1.982
1.51143 0.219777 1.982
1.51857 0.217289 1.982
1.52906 0.213467 1.982
1.54153 0.209921 1.936
1.55163 0.207359 1.936
1.56106 0.204205 1.936
1.57009 0.203094 1.936
1.57699 0.201132 1.807
1.58377 0.196644 1.807
1.59184 0.191209 1.719
1.60191 0.187195 1.719
1.616 0.18275 1.683
1.63112 0.179354 1.683
1.6442 0.177525 1.665
1.6547 0.176354 1.665
1.6631 0.174817 1.608
1.66935 0.173581 1.608
1.67505 0.172099 1.576
1.68314 0.173955 1.576
1.69512 0.174298 1.538
1.70951 0.172595 1.538
1.72326 0.168382 1.504
1.73297 0.165879 1.462
1.73957 0.163864 1.462
1.74697 0.166042 1.462
1.75644 0.170309 1.443
1.7688 0.172059 1.402
1.78331 0.172235 1.402
1.79745 0.170049 1.402
1.81178 0.167825 1.362
1.83253 0.16564 1.325
1.85308 0.16315 1.325
1.87079 0.161253 1.3
1.88519 0.160573 1.3
1.89741 0.162432 1.3
1.91016 0.161749 1.273
1.924 0.163463 1.273
1.93807 0.166359 1.247
1.95105 0.168734 1.247
1.96523 0.170925 1.237
1.97829 0.173573 1.225
1.98837 0.177355 1.225
1.99582 0.182756 1.205
2.00585 0.187069 1.205
2.01497 0.192316 1.205
2.02709 0.191592 1.197
2.04034 0.188811 1.185
2.05396 0.187945 1.185
2.06665 0.188827 1.184
2.07937 0.189369 1.184
2.09403 0.189261 1.172
2.11043 0.189784 1.172
2.12755 0.190694 1.169
2.14243 0.190054 1.169
2.15638 0.185312 1.161
2.16978 0.17991 1.161
2.18342 0.174186 1.16
2.19866 0.170232 1.16
2.21342 0.165999 1.16
2.22732 0.161664 1.16
2.24063 0.155348 1.157
2.25343 0.148039 1.157
2.2658 0.139893 1.154
2.27714 0.133251 1.154
2.28557 0.128743 1.154
2.29333 0.124277 1.154
2.30127 0.119067 1.154
2.30813 0.111656 1.157
2.3065 0.112025 1.157
2.31456 0.108005 1.159
2.3202 0.10392 1.169
2.3251 0.0971467 1.169
2.332 0.0913677 1.169
2.34179 0.086091 1.169
2.35056 0.0802037 1.169
2.35651 0.0739555 1.169
2.36013 0.0687265 1.185
2.36256 0.0649534 1.185
2.36562 0.0628153 1.189
2.37115 0.0606138 1.189
2.37988 0.0584311 1.197
2.39081 0.0550208 1.197
2.40302 0.0491357 1.201
2.41343 0.0429503 1.213
2.4228 0.0384708 1.213
2.43183 0.0342738 1.221
2.44057 0.0303651 1.221
2.44997 0.0273149 1.228
2.45879 0.0242162 1.228
2.46726 0.0190131 1.228
2.4763 0.0146505 1.246
2.48382 0.0133272 1.249
2.48991 0.0119114 1.249
2.49659 0.00774406 1.257
2.50336 0.00328992 1.257
2.50703 0.000889997 1.263
2.50899 -0.00121249 1.263
2.48982 0.00485866 1.273
2.47432 0.0090447 1.273
2.45938 0.0126944 1.282
2.44117 0.0165802 1.282
2.42255 0.0174934 1.288
2.40743 0.0194463 1.288
2.39463 0.0225785 1.297
2.38334 0.0268253 1.297
2.37225 0.0324627 1.303
2.35843 0.0370196 1.311
2.34249 0.0397838 1.311
2.32944 0.041304 1.311
2.31997 0.0429464 1.33
2.30884 0.045029 1.33
2.29479 0.0468489 1.334
2.27911 0.0498693 1.334
2.26564 0.0547122 1.342
2.25532 0.060052 1.342
2.24571 0.0635162 1.342
2.2356 0.0663473 1.342
2.22583 0.0696871 1.35
2.21534 0.0736949 1.35
2.20445 0.0776466 1.353
2.19468 0.0798692 1.353
2.18565 0.0834702 1.365
2.17609 0.0869621 1.365
2.16523 0.0914146 1.369
2.15377 0.0949555 1.373
2.1415 0.0982572 1.373
2.12868 0.10183 1.388
2.1154 0.10605 1.388
2.10278 0.109883 1.388
2.09037 0.111069 1.39
2.08038 0.112152 1.39
2.07397 0.11363 1.405
2.07101 0.114618 1.408
2.06833 0.114519 1.408
2.06678 0.114565 1.408
2.06537 0.115359 1.416
2.06348 0.11602 1.416
2.06297 0.117186 1.416
2.06261 0.118528 1.416
2.064 0.11797 1.416
2.06549 0.115054 1.43
2.06844 0.111425 1.43
2.07064 0.108806 1.43
2.07434 0.107236 1.435
2.08015 0.105205 1.435
2.0837 0.105693 1.436
2.08009 0.106031 1.447
2.07572 0.104858 1.447
2.07076 0.103615 1.452
2.07379 0.109758 1.452
2.07603 0.11735 1.457
2.08081 0.124293 1.457
2.08508 0.129015 1.464
2.08891 0.135418 1.464
2.09165 0.141378 1.465
2.09165 0.149032 1.465
2.09014 0.162101 1.479
2.08878 0.176192 1.479
2.09104 0.189291 1.479
2.09357 0.20297 1.479
2.09707 0.216684 1.483
2.10345 0.231374 1.483
2.10911 0.246989 1.498
2.11335 0.26233 1.498
2.11345 0.276349 1.508
2.11373 0.288867 1.512
2.13275 0.286998 1.512
2.13245 0.299162 1.512
2.13046 0.310432 1.517
2.12885 0.325905 1.517
2.12865 0.340556 1.517
2.13145 0.354132 1.517
2.13359 0.366984 1.522
2.1355 0.382059 1.522
2.13591 0.395423 1.522
2.13605 0.408136 1.522
2.13679 0.42308 1.524
2.13718 0.438469 1.537
2.13954 0.452131 1.537
2.13776 0.467037 1.537
2.13381 0.47974 1.537
2.12903 0.492877 1.537
2.12405 0.509373 1.537
2.11923 0.523455 1.542
2.11466 0.533119 1.542
2.10986 0.541727 1.543
2.10124 0.5524 1.543
2.09054 0.566163 1.543
2.08058 0.580519 1.543
2.07298 0.578066 1.551
2.06546 0.576921 1.551
2.05743 0.577577 1.557
2.0498 0.579982 1.557
2.04056 0.584291 1.557
2.02931 0.590031 1.557
2.01892 0.593626 1.563
2.00988 0.595265 1.563
2.0032 0.598 1.563
2.00045 0.597293 1.563
1.99926 0.596924 1.563
2.00046 0.598933 1.563
2.00429 0.598029 1.571
2.01187 0.597783 1.571
2.02146 0.597485 1.586
2.03457 0.597192 1.586
2.0513 0.597692 1.587
2.06446 0.598223 1.587
2.07634 0.597032 1.587
2.09215 0.599122 1.587
2.10999 0.600047 1.587
2.1275 0.599662 1.587
2.14396 0.601064 1.587
2.16213 0.601266 1.587
2.17921 0.600395 1.588
2.19524 0.597917 1.588
2.21236 0.598335 1.588
2.22835 0.598842 1.588
2.24123 0.603485 1.585
2.25167 0.609712 1.585
2.26062 0.617713 1.585
2.2687 0.624849 1.585
2.27709 0.632109 1.585
2.28412 0.63917 1.585
2.29227 0.646559 1.585
2.30207 0.654095 1.582
2.31581 0.659982 1.582
2.32506 0.668582 1.582
2.33142 0.68208 1.579
2.34044 0.697312 1.579
2.34586 0.712165 1.578
2.35147 0.726879 1.579
2.3568 0.740556 1.579
2.36221 0.751358 1.579
2.36892 0.764172 1.579
2.37447 0.778764 1.592
2.38331 0.781471 1.592
2.38311 0.794268 1.592
2.3854 0.80329 1.592
2.38875 0.811367 1.592
2.3939 0.819778 1.592
2.39749 0.828163 1.567
2.40023 0.835585 1.567
2.40042 0.85522 1.567
2.39729 0.87632 1.567
2.3941 0.899512 1.567
2.39331 0.923282 1.567
2.39482 0.944981 1.57
2.39666 0.966066 1.57
2.39916 0.986516 1.57
2.40119 1.00534 1.57
2.4029 1.02214 1.582
2.40455 1.03699 1.582
2.40775 1.04605 1.582
2.41337 1.05163 1.582
2.41863 1.05614 1.582
2.42177 1.05928 1.597
2.42119 1.06277 1.605
2.42038 1.06724 1.605
2.41853 1.0719 1.609
2.41807 1.07767 1.609
2.41705 1.08662 1.611
2.41278 1.09474 1.611
2.40559 1.10068 1.609
2.39808 1.10822 1.609
2.38883 1.11645 1.612
2.37814 1.12579 1.612
2.36845 1.13348 1.612
2.36088 1.13701 1.612
2.35538 1.14136 1.616
2.35123 1.14342 1.616
2.34187 1.14318 1.629
2.3323 1.14157 1.629
2.3239 1.14101 1.634
2.31829 1.13932 1.634
2.31636 1.139 1.646
2.31666 1.13573 1.646
2.31242 1.12896 1.655
2.3096 1.12115 1.655
2.30689 1.11398 1.668
2.30225 1.10693 1.668
2.29814 1.10077 1.677
2.29461 1.09895 1.677
2.28988 1.09628 1.682
2.28465 1.09603 1.682
2.28058 1.09865 1.682
2.27492 1.10843 1.688
2.26775 1.11898 1.688
2.26255 1.12528 1.688
2.25773 1.13262 1.709
2.24933 1.14245 1.709
2.23912 1.15062 1.717
2.22969 1.15708 1.717
2.22276 1.15919 1.729
2.2129 1.16271 1.729
2.2014 1.16713 1.729
2.19002 1.17135 1.735
2.17957 1.17371 1.735
2.16993 1.17258 1.746
2.16033 1.1716 1.746
2.14805 1.17128 1.766
2.13739 1.17394 1.766
2.12683 1.1759 1.792
2.11404 1.17842 1.792
2.10205 1.17326 1.777
2.09022 1.17173 1.777
2.07944 1.17639 1.785
2.05838 1.18459 1.785
2.03881 1.19381 1.785
2.01747 1.20408 1.785
1.99312 1.21138 1.803
1.97115 1.21802 1.803
1.95259 1.22557 1.806
1.93138 1.23507 1.806
1.90971 1.24616 1.822
1.88911 1.25571 1.822
1.86919 1.2649 1.822
1.84474 1.27683 1.822
1.82197 1.29077 1.822
1.80075 1.30377 1.822
1.77857 1.31408 1.823
1.75594 1.32211 1.823
1.73342 1.33017 1.845
1.70949 1.34028 1.845
1.68703 1.34778 1.865
1.66462 1.35931 1.865
1.64188 1.37283 1.887
1.62178 1.38154 1.887
1.60081 1.38949 1.887
1.57664 1.39525 1.887
1.55043 1.4013 1.887
1.52799 1.40913 1.887
1.50891 1.41334 1.887
1.48665 1.41543 1.911
1.46215 1.41743 1.911
1.43822 1.42467 1.92
1.41265 1.43234 1.92
1.38887 1.43994 1.92
1.3663 1.44514 1.927
1.34589 1.45011 1.927
1.32678 1.4536 1.941
1.30871 1.45517 1.941
1.29046 1.45887 1.941
1.2701 1.4585 1.941
1.24938 1.45523 1.941
1.23102 1.45178 1.941
1.21325 1.44865 1.966
1.19419 1.44244 1.966
1.17446 1.43384 1.966
1.1426 1.41948 1.966
1.11205 1.40507 1.949
1.08455 1.39325 1.944
1.05962 1.38252 1.944
1.03673 1.37166 1.943
1.01526 1.36021 1.943
0.99515 1.34802 1.928
0.973136 1.33589 1.928
0.950418 1.32521 1.925
0.923492 1.31306 1.923
0.899128 1.30687 1.923
0.876883 1.29936 1.919
0.858006 1.294 1.919
0.838531 1.28553 1.919
0.818876 1.2741 1.913
0.79955 1.26722 1.913
0.780166 1.26554 1.913
0.763444 1.2598 1.913
0.751058 1.25585 1.913
0.740449 1.25354 1.913
0.752926 1.24967 1.917
0.764228 1.24914 1.917
0.775529 1.24738 1.905
0.788109 1.24526 1.905
0.799358 1.24097 1.898
0.808288 1.23704 1.898
0.807731 1.23424 1.892
0.807654 1.23661 1.892
0.808698 1.23824 1.89
0.807016 1.24394 1.89
0.804001 1.25058 1.89
0.801712 1.25671 1.879
0.800575 1.26352 1.879
0.794961 1.27079 1.879
0.790034 1.27515 1.879
0.785092 1.28619 1.868
0.782915 1.2938 1.868
0.78214 1.30139 1.867
0.781918 1.30639 1.867
0.780979 1.31334 1.866
0.778378 1.32159 1.866
0.774656 1.3316 1.856
0.771371 1.33821 1.856
0.768177 1.3441 1.856
0.764142 1.34625 1.856
0.759091 1.34522 1.856
0.752529 1.34467 1.856
0.743129 1.34278 1.841
0.73138 1.34035 1.841
0.719087 1.33827 1.835
0.705055 1.33119 1.835
0.693137 1.32929 1.823
0.681514 1.32492 1.823
0.668055 1.31187 1.81
0.657719 1.30328 1.81
0.649332 1.30127 1.806
0.64164 1.2932 1.806
0.62676 1.2855 1.797
0.609199 1.27833 1.797
0.59135 1.27095 1.797
0.571494 1.26542 1.797
0.551704 1.26173 1.792
0.530728 1.25892 1.792
0.508971 1.25886 1.79
0.480553 1.25914 1.79
0.453215 1.26108 1.79
0.428141 1.26293 1.78
0.400062 1.26051 1.78
0.372978 1.26046 1.78
0.349047 1.26169 1.78
0.31096 1.25758 1.78
0.274376 1.2519 1.777
0.244191 1.2469 1.764
0.216626 1.23748 1.764
0.193522 1.23567 1.749
0.173076 1.24201 1.749
0.149917 1.24389 1.742
0.126116 1.24688 1.742
0.104591 1.25103 1.742
0.0877419 1.25565 1.742
0.0701379 1.25923 1.748
0.0500751 1.26108 1.748
0.0214864 1.25335 1.748
-0.00648246 1.24552 1.748
-0.0326189 1.23899 1.742
-0.0579309 1.23264 1.742
-0.0823069 1.22706 1.742
-0.103326 1.22436 1.742
-0.126511 1.22056 1.742
-0.150327 1.21722 1.742
-0.174763 1.21347 1.743
-0.195775 1.20952 1.743
-0.216555 1.2064 1.743
-0.237405 1.20398 1.743
-0.253664 1.19887 1.743
-0.268796 1.19596 1.743
-0.282993 1.19289 1.744
-0.293018 1.18804 1.744
-0.303939 1.18603 1.753
-0.316469 1.18346 1.753
-0.326536 1.17756 1.757
-0.335485 1.17148 1.757
-0.343636 1.16516 1.757
-0.348695 1.15856 1.757
-0.353071 1.14992 1.761
-0.359754 1.14161 1.761
-0.364735 1.1323 1.761
-0.366282 1.12126 1.761
-0.366956 1.11064 1.773
-0.365688 1.10263 1.773
-0.363256 1.09213 1.766
-0.359232 1.07799 1.774
-0.356242 1.06415 1.774
-0.357144 1.0547 1.774
-0.36071 1.04735 1.774
-0.362195 1.04016 1.776
-0.36143 1.03111 1.776
-0.360702 1.02057 1.776
-0.360938 1.00853 1.782
-0.361488 0.995312 1.782
-0.363377 0.980527 1.782
-0.367528 0.965978 1.783
-0.373659 0.953882 1.783
-0.386374 0.954329 1.783
-0.388911 0.942933 1.785
-0.390252 0.931626 1.798
-0.391863 0.917779 1.798
-0.38878 0.900737 1.798
-0.388741 0.882868 1.798
-0.387577 0.864069 1.801
-0.382934 0.841191 1.801
-0.379623 0.822392 1.803
-0.377119 0.80337 1.803
-0.375922 0.78395 1.803
-0.374578 0.767151 1.803
-0.37227 0.752271 1.808
-0.369738 0.734601 1.808
-0.366131 0.716175 1.8
-0.361701 0.696905 1.8
-0.361385 0.674128 1.808
-0.363002 0.650506 1.808
-0.365925 0.629479 1.803
-0.375872 0.62186 1.803
-0.377627 0.604451 1.803
-0.377297 0.588997 1.803
-0.377163 0.573736 1.81
-0.379131 0.558709 1.81
-0.382105 0.547308 1.81
-0.383931 0.535559 1.81
-0.385718 0.52329 1.81
-0.386163 0.510364 1.81
-0.38821 0.497159 1.822
-0.39112 0.486093 1.822
-0.395808 0.479458 1.822
-0.396416 0.473102 1.822
-0.39409 0.463163 1.814
-0.393349 0.455381 1.814
-0.392264 0.445048 1.814
-0.391054 0.434218 1.814
-0.388241 0.422908 1.814
-0.385423 0.41286 1.823
-0.379382 0.401501 1.823
-0.371562 0.391334 1.823
-0.360818 0.378418 1.823
-0.35167 0.365808 1.823
-0.342691 0.351785 1.823
-0.32949 0.33261 1.823
-0.315315 0.313352 1.823
-0.301109 0.292038 1.823
-0.289318 0.274476 1.823
-0.281243 0.284407 1.825
-0.271778 0.290982 1.825
-0.260148 0.297744 1.825
-0.246846 0.321743 1.825
-0.236814 0.342007 1.839
-0.228232 0.358716 1.839
-0.215079 0.371307 1.847
-0.200344 0.38497 1.847
-0.189653 0.395789 1.851
-0.182647 0.404018 1.851
-0.173184 0.412049 1.861
-0.160342 0.420828 1.861
-0.149975 0.430408 1.871
-0.143975 0.439167 1.871
-0.13868 0.444363 1.879
-0.130768 0.44664 1.879
-0.121361 0.448208 1.888
-0.114066 0.451309 1.889
-0.109255 0.45307 1.889
-0.10215 0.454038 1.902
-0.0912328 0.454992 1.902
-0.0763077 0.454128 1.902
-0.0573944 0.454624 1.906
-0.0398465 0.456123 1.912
-0.0231599 0.452268 1.912
-0.00897424 0.448601 1.931
0.00116118 0.446583 1.931
0.00570068 0.448527 1.931
0.00951034 0.450991 1.931
0.00740388 0.452706 1.931
0.0144023 0.458219 1.931
0.022537 0.46186 1.931
0.0335253 0.468336 1.93
0.0453268 0.475701 1.93
0.0565429 0.483037 1.93
0.0658442 0.489708 1.93
0.0730302 0.496115 1.93
0.0779269 0.504056 1.931
0.0818172 0.511792 1.931
0.0874716 0.520513 1.931
0.0917422 0.526786 1.931
0.0951314 0.535128 1.931
0.100858 0.542368 1.931
0.108411 0.546372 1.931
0.117309 0.550906 1.931
0.132274 0.551525 1.935
0.147909 0.552552 1.935
0.162269 0.556855 1.931
0.166788 0.560921 1.931
0.17029 0.565281 1.925
0.174644 0.567073 1.925
0.193574 0.568484 1.918
0.214999 0.573027 1.918
0.236701 0.574241 1.916
0.259894 0.580773 1.916
0.279178 0.590603 1.918
0.298867 0.600858 1.918
0.314578 0.609078 1.916
0.329073 0.618887 1.914
0.344772 0.624843 1.914
0.368138 0.628869 1.914
0.395399 0.632515 1.914
0.422504 0.634092 1.917
0.452264 0.635089 1.917
0.482168 0.636331 1.917
0.510799 0.640391 1.917
0.536733 0.645526 1.91
0.559175 0.650559 1.91
0.579239 0.654177 1.91
0.6013 0.656594 1.91
0.623422 0.658285 1.908
0.644023 0.658057 1.908
0.665698 0.658175 1.91
0.689071 0.659202 1.91
0.711902 0.661909 1.907
0.735372 0.664577 1.907
0.757037 0.666883 1.898
0.777591 0.667191 1.898
0.79665 0.67148 1.898
0.811361 0.675919 1.898
0.823304 0.680989 1.895
0.834682 0.683793 1.895
0.845477 0.686352 1.898
0.856491 0.68616 1.898
0.869921 0.683613 1.895
0.883621 0.677564 1.895
0.897906 0.673164 1.886
0.91568 0.667841 1.886
0.93322 0.666273 1.879
0.949611 0.660562 1.879
0.965727 0.655067 1.875
0.981735 0.64905 1.875
0.994427 0.639972 1.873
1.00619 0.630194 1.873
1.01622 0.622104 1.867
1.02555 0.615453 1.867
1.03423 0.61035 1.864
1.04271 0.606021 1.864
1.04988 0.599043 1.857
1.05485 0.591915 1.857
1.05989 0.584972 1.852
1.06717 0.57933 1.852
1.07489 0.573609 1.833
1.08948 0.563096 1.833
1.10332 0.552376 1.827
1.11864 0.540789 1.827
1.13626 0.53164 1.827
1.15456 0.52334 1.825
1.17367 0.516631 1.825
1.19168 0.512793 1.809
1.20918 0.508984 1.809
1.22782 0.500317 1.803
1.24542 0.488583 1.803
1.26129 0.482324 1.8
1.28102 0.482548 1.8
1.29969 0.482983 1.793
1.31725 0.482073 1.793
1.33796 0.484554 1.789
1.35923 0.489155 1.789
1.37976 0.493073 1.789
1.39877 0.495502 1.789
1.41697 0.490736 1.784
1.43305 0.485637 1.784
1.45122 0.481589 1.784
1.4762 0.479443 1.784
1.50169 0.474553 1.774
1.52689 0.470841 1.774
1.55596 0.466786 1.773
1.58424 0.458724 1.773
1.61149 0.448709 1.774
1.6363 0.43904 1.774
1.67333 0.431102 1.774
1.71059 0.419379 1.774
1.75808 0.416607 1.774
1.79276 0.404018 1.781
1.82694 0.388754 1.781
1.86144 0.378816 1.781
1.89383 0.371426 1.781
1.92401 0.364869 1.781
1.95592 0.358921 1.782
1.98684 0.352632 1.782
2.01609 0.34539 1.782
2.047 0.339384 1.782
2.07901 0.330346 1.782
2.10532 0.319677 1.787
2.12756 0.309941 1.787
2.14877 0.300926 1.787
2.17218 0.292769 1.787
2.19608 0.287065 1.787
2.21742 0.281172 1.787
2.2383 0.273304 1.782
2.25965 0.265141 1.782
2.2808 0.25944 1.782
2.30249 0.254092 1.783
2.32457 0.249572 1.783
2.34732 0.246394 1.785
2.37129 0.242684 1.785
2.39638 0.240949 1.788
2.42246 0.239776 1.788
2.44868 0.236672 1.789
2.47344 0.233285 1.789
2.49517 0.232065 1.797
2.51735 0.230371 1.797
2.53817 0.230647 1.814
2.55884 0.231297 1.814
2.57725 0.234062 1.808
2.59367 0.23793 1.808
2.61032 0.245505 1.808
2.62353 0.251774 1.808
2.63567 0.259659 1.808
2.6465 0.266465 1.808
2.65769 0.272182 1.808
2.67049 0.28276 1.808
2.6819 0.296465 1.82
2.69478 0.308933 1.82
2.70425 0.319574 1.821
2.71434 0.327607 1.821
2.72542 0.335625 1.827
2.73506 0.350645 1.827
2.74299 0.367091 1.833
2.74777 0.384018 1.833
2.75006 0.400727 1.842
2.7512 0.415049 1.842
2.7507 0.425534 1.847
2.75169 0.435656 1.847
2.7567 0.451034 1.851
2.76258 0.461792 1.851
2.76665 0.466423 1.861
2.77099 0.472821 1.861
2.77645 0.47843 1.874
2.78031 0.484157 1.874
2.78622 0.488824 1.874
2.79315 0.49408 1.874
2.80083 0.501414 1.874
2.80577 0.509133 1.871
2.81174 0.514621 1.871
2.8172 0.520948 1.861
2.8227 0.530054 1.861
2.82656 0.539622 1.861
2.82742 0.54843 1.86
2.82809 0.556974 1.86
2.82496 0.568368 1.86
2.82317 0.578923 1.854
2.82241 0.589881 1.854
2.82522 0.604333 1.854
2.83186 0.617023 1.854
2.83986 0.626982 1.852
2.84454 0.639822 1.852
2.84989 0.651175 1.852
2.85262 0.663169 1.862
2.8573 0.676128 1.862
2.86336 0.689763 1.86
2.87427 0.704595 1.86
2.88608 0.719916 1.86
2.92543 0.735103 1.853
2.93368 0.749294 1.853
2.94157 0.76806 1.853
2.94776 0.789846 1.853
2.95722 0.81307 1.853
2.96579 0.839929 1.854
2.97401 0.866378 1.854
2.98212 0.890099 1.85
2.98712 0.910978 1.85
2.99443 0.934802 1.856
2.99976 0.958526 1.856
3.00041 0.984103 1.856
3.00161 1.01407 1.856
3.00384 1.04295 1.851
3.00703 1.07069 1.851
3.00832 1.1012 1.851
3.00895 1.13305 1.851
3.00801 1.1653 1.851
3.00903 1.16877 1.851
3.0093 1.16947 1.846
3.01259 1.17046 1.846
3.01654 1.17456 1.838
3.01977 1.17456 1.838
3.0191 1.17183 1.837
3.01699 1.17045 1.837
3.01167 1.17473 1.83
3.00474 1.17783 1.83
2.99628 1.18036 1.827
2.99028 1.18285 1.827
2.98612 1.18545 1.822
2.97979 1.18834 1.822
2.97231 1.19256 1.827
2.9618 1.19428 1.827
2.95071 1.19607 1.823
2.94325 1.19863 1.823
2.94035 1.20209 1.823
2.94064 1.20649 1.823
2.93884 1.21223 1.823
2.93506 1.21797 1.823
2.93152 1.22195 1.823
2.92855 1.22723 1.823
2.92447 1.23241 1.816
2.91987 1.23696 1.816
2.91411 1.24192 1.824
2.90739 1.24702 1.824
2.90116 1.2474 1.835
2.89573 1.2419 1.835
2.89099 1.23148 1.835
2.88432 1.21928 1.835
2.87353 1.20487 1.835
2.85884 1.18184 1.835
2.84284 1.15388 1.835
2.83051 1.13953 1.835
2.8199 1.13871 1.835
2.81212 1.13159 1.819
2.80599 1.11825 1.819
2.79801 1.09781 1.819
2.7881 1.0818 1.819
2.77581 1.06475 1.819
2.75963 1.05595 1.778
2.74547 1.04975 1.778
2.73257 1.04373 1.778
2.71899 1.03948 1.807
2.70177 1.03528 1.807
2.68441 1.02718 1.807
2.66737 1.01863 1.807
2.64073 1.00693 1.807
2.61559 0.997624 1.861
2.59283 0.988377 1.861
2.57081 0.978128 1.863
2.55229 0.968339 1.863
2.53362 0.964598 1.863
2.51239 0.960807 1.863
2.48713 0.956336 1.863
2.46422 0.955758 1.865
2.44238 0.956747 1.865
2.41886 0.955405 1.874
2.39891 0.956177 1.874
2.38013 0.956593 1.874
2.35898 0.958378 1.874
2.33709 0.957281 1.875
2.31431 0.955485 1.875
2.29155 0.954481 1.879
2.26625 0.952039 1.879
2.24428 0.950118 1.879
2.2269 0.949668 1.879
2.21212 0.951586 1.885
2.19989 0.956624 1.885
2.18824 0.96264 1.889
2.17304 0.969329 1.889
2.15942 0.973342 1.895
2.14879 0.972942 1.901
2.13801 0.973916 1.901
2.14271 0.968044 1.901
2.1465 0.962735 1.914
2.14758 0.956678 1.914
2.14453 0.950133 1.923
2.14058 0.943168 1.923
2.13606 0.937071 1.933
2.1299 0.931304 1.933
2.12432 0.925552 1.941
2.12054 0.921409 1.941
2.12073 0.916019 1.954
2.12082 0.914452 1.96
2.12184 0.912057 1.96
2.12219 0.910506 1.96
2.11895 0.910224 1.96
2.11536 0.911921 1.975
2.11353 0.914738 1.975
2.11346 0.918174 1.975
2.11479 0.921847 1.975
2.11638 0.924228 1.979
2.11424 0.928014 1.979
2.10937 0.933904 1.987
2.10374 0.94193 1.987
2.09547 0.950702 1.993
2.08631 0.957876 1.993
2.07634 0.963857 1.993
2.06507 0.970768 1.993
2.05356 0.976515 2
2.04243 0.979628 2
2.03046 0.982144 2.009
2.0184 0.986132 2.009
2.00501 0.993521 2.009
1.98994 1.00065 2.009
1.9775 1.00862 2.013
1.96789 1.01603 2.013
1.95971 1.02279 2.012
1.95303 1.02789 2.012
1.9459 1.03115 2.014
1.93706 1.03443 2.014
1.9102 1.04198 2.014
1.88625 1.05026 2.014
1.86183 1.05601 2.014
1.83584 1.06 2.014
1.81119 1.0641 2.014
1.78905 1.07001 2.014
1.76657 1.07587 2.014
1.7424 1.08179 2.014
1.71963 1.09013 2.014
1.69976 1.10293 2.014
1.68072 1.11388 2.014
1.6629 1.11888 2.013
1.64672 1.12118 2.013
1.63167 1.11939 2.01
1.6178 1.11591 2.01
1.60605 1.11749 2.008
1.59557 1.1191 2.008
1.58398 1.11838 2.008
1.57269 1.11598 2.008
1.55649 1.11599 2.008
1.54125 1.11479 1.998
1.52525 1.11444 1.998
1.50795 1.11418 1.998
1.48903 1.11421 1.998
1.46981 1.11666 1.998
1.44782 1.119 1.998
1.42149 1.12293 2.005
1.39061 1.125 2.005
1.35954 1.12722 1.99
1.3293 1.12836 1.99
1.29914 1.13114 1.99
1.27236 1.13741 1.985
1.24556 1.14157 1.985
1.21997 1.14554 1.973
1.1912 1.15031 1.973
1.16375 1.14792 1.96
1.14278 1.14298 1.96
1.12256 1.13857 1.96
1.101 1.12884 1.96
1.07937 1.12089 1.953
1.05801 1.11759 1.953
1.03708 1.11248 1.947
1.01524 1.10679 1.947
0.993932 1.10144 1.939
0.972326 1.09165 1.939
0.953428 1.081 1.927
0.933053 1.07056 1.927
0.916467 1.05651 1.927
0.899433 1.04443 1.915
0.88589 1.02969 1.898
0.873897 1.00922 1.898
0.863674 0.988254 1.898
0.856596 0.968617 1.898
0.85368 0.94382 1.884
0.851952 0.918919 1.884
0.846693 0.893418 1.871
0.839086 0.864576 1.871
0.829024 0.83522 1.869
0.817358 0.804148 1.869
0.807226 0.751494 1.847
0.797634 0.700074 1.847
0.792639 0.64979 1.832
0.794567 0.599646 1.832
0.796543 0.553151 1.824
0.796869 0.512093 1.824
0.793792 0.471039 1.801
0.788513 0.430518 1.801
0.783128 0.392205 1.795
0.777615 0.350605 1.795
0.773805 0.310157 1.795
0.772306 0.273152 1.795
0.775081 0.23773 1.795
0.76108 0.23746 1.795
0.765725 0.205446 1.789
0.77074 0.168485 1.789
0.775996 0.132001 1.752
0.781097 0.0990785 1.752
0.78719 0.067907 1.744
0.794823 0.0386309 1.744
0.802752 0.0106237 1.739
0.810478 -0.0190095 1.739
0.818984 -0.0469898 1.726
0.824834 -0.0719067 1.719
0.831084 -0.0971682 1.719
0.834931 -0.120178 1.711
0.838287 -0.141624 1.711
0.840014 -0.169207 1.711
0.841455 -0.193469 1.711
0.846029 -0.218543 1.709
0.847316 -0.245742 1.709
0.846597 -0.27196 1.7
0.843101 -0.296527 1.7
0.841153 -0.320523 1.7
0.840853 -0.34574 1.7
0.84057 -0.371263 1.694
0.842302 -0.400937 1.692
0.844106 -0.42942 1.692
0.845449 -0.455775 1.692
0.848552 -0.48021 1.691
0.851302 -0.504645 1.691
0.856035 -0.526811 1.691
0.860087 -0.550726 1.691
0.864826 -0.578516 1.682
0.869365 -0.60677 1.682
0.873499 -0.635285 1.682
0.87894 -0.663502 1.682
0.887662 -0.689673 1.682
0.896327 -0.712097 1.682
0.905355 -0.733323 1.68
0.914083 -0.753709 1.68
0.922161 -0.775237 1.675
0.928562 -0.794737 1.675
0.938114 -0.814527 1.67
0.948259 -0.83505 1.67
0.956925 -0.854138 1.67
0.965605 -0.874029 1.67
0.974191 -0.894755 1.67
0.986201 -0.915251 1.67
1.00201 -0.937122 1.67
1.01935 -0.957801 1.67
1.03617 -0.976475 1.677
1.0536 -0.994854 1.677
1.07116 -1.01069 1.677
1.08842 -1.02384 1.677
1.10446 -1.03559 1.677
1.11996 -1.04447 1.679
1.13708 -1.04959 1.679
1.1579 -1.05637 1.679
1.17568 -1.06169 1.679
1.18727 -1.06706 1.679
1.19829 -1.07383 1.679
1.21115 -1.0791 1.679
1.22578 -1.08535 1.69
1.2194 -1.09015 1.69
1.21173 -1.09679 1.69
1.20361 -1.10114 1.69
1.1975 -1.10193 1.69
1.19242 -1.10238 1.699
1.18808 -1.09766 1.699
1.17179 -1.09506 1.699
1.15679 -1.09462 1.699
1.14144 -1.09363 1.699
1.12752 -1.0903 1.699
1.1138 -1.08603 1.704
1.10017 -1.08391 1.704
1.08963 -1.08213 1.704
1.08115 -1.08152 1.704
1.07635 -1.08241 1.71
1.07598 -1.0824 1.71
1.07539 -1.0812 1.717
1.07448 -1.08081 1.717
1.0728 -1.08136 1.717
1.07424 -1.07852 1.717
1.07616 -1.07454 1.717
1.07772 -1.07198 1.717
1.08294 -1.07097 1.713
1.08761 -1.06982 1.713
1.09303 -1.06789 1.713
1.10157 -1.06668 1.713
1.10891 -1.06674 1.724
1.11469 -1.0641 1.724
1.1186 -1.0603 1.725
1.12166 -1.05487 1.725
1.12285 -1.05213 1.725
1.123 -1.05062 1.726
1.12283 -1.04593 1.726
1.12282 -1.04252 1.726
1.12433 -1.0378 1.737
1.12436 -1.03213 1.737
1.12389 -1.03111 1.737
1.12539 -1.03101 1.737
1.1266 -1.03208 1.725
1.12715 -1.03368 1.725
1.12926 -1.03822 1.723
1.13261 -1.04248 1.723
1.13693 -1.04291 1.72
1.14216 -1.04309 1.72
1.14627 -1.04215 1.716
1.15015 -1.04317 1.716
1.15879 -1.04467 1.709
1.1662 -1.04647 1.709
1.17274 -1.0479 1.706
1.18035 -1.04781 1.706
1.18724 -1.04625 1.704
1.19257 -1.04421 1.7
1.19609 -1.03758 1.7
1.20073 -1.03511 1.7
1.20433 -1.03326 1.7
1.2103 -1.03436 1.7
1.2169 -1.03442 1.709
1.22519 -1.03322 1.709
1.23462 -1.03217 1.709
1.2432 -1.03005 1.709
1.25038 -1.03315 1.709
1.25551 -1.03388 1.709
1.26742 -1.03971 1.709
1.27896 -1.04568 1.702
1.29032 -1.05157 1.702
1.30626 -1.05838 1.693
1.32479 -1.06504 1.693
1.34506 -1.07161 1.693
1.36713 -1.08019 1.693
1.38665 -1.08952 1.693
1.40369 -1.09745 1.693
1.42321 -1.1005 1.686
1.44348 -1.10697 1.686
1.46179 -1.11564 1.681
1.48328 -1.12024 1.681
1.50297 -1.12483 1.681
1.52258 -1.1307 1.681
1.54418 -1.13633 1.677
1.56682 -1.14137 1.677
1.58873 -1.14572 1.676
1.61179 -1.14842 1.676
1.63236 -1.1522 1.675
1.65184 -1.15493 1.675
1.67166 -1.15185 1.673
1.6904 -1.14785 1.673
1.70877 -1.14645 1.675
1.72886 -1.14694 1.675
1.74745 -1.1475 1.675
1.76243 -1.14837 1.675
1.77574 -1.15064 1.676
1.78917 -1.15137 1.676
1.80484 -1.14778 1.676
1.82427 -1.14773 1.676
1.84213 -1.15302 1.683
1.86048 -1.15884 1.683
1.87835 -1.16465 1.683
1.89824 -1.16722 1.683
1.91721 -1.17281 1.683
1.93686 -1.18008 1.683
1.96768 -1.18102 1.681
1.99875 -1.18134 1.676
2.02891 -1.18611 1.676
2.06007 -1.19056 1.676
2.09062 -1.19552 1.676
2.12139 -1.20024 1.676
2.14857 -1.20558 1.676
2.17356 -1.21127 1.68
2.19854 -1.215 1.68
2.22406 -1.21848 1.68
2.24943 -1.21596 1.666
2.2763 -1.21218 1.666
2.30319 -1.20761 1.665
2.32939 -1.20433 1.665
2.35367 -1.20406 1.66
2.37576 -1.20728 1.66
2.39455 -1.20859 1.658
2.41237 -1.20854 1.655
2.42949 -1.20797 1.655
2.44552 -1.20595 1.655
2.4608 -1.20203 1.65
2.47615 -1.1993 1.648
2.49131 -1.19631 1.648
2.50679 -1.1927 1.64
2.52145 -1.19079 1.64
2.53419 -1.18331 1.639
2.54839 -1.17229 1.636
2.56355 -1.16518 1.636
2.57811 -1.15705 1.636
2.59136 -1.14806 1.636
2.60264 -1.13943 1.636
2.61576 -1.12854 1.636
2.63402 -1.12998 1.636
2.649 -1.1196 1.643
2.66479 -1.10809 1.647
2.67606 -1.09214 1.647
2.68539 -1.07914 1.647
2.69359 -1.0685 1.647
2.69957 -1.05919 1.651
2.70618 -1.04847 1.651
2.70941 -1.03885 1.656
2.7135 -1.02957 1.656
2.71478 -1.02103 1.658
2.71838 -1.01334 1.658
2.71956 -1.00491 1.663
2.72308 -0.989937 1.663
2.72585 -0.978067 1.678
2.72701 -0.966234 1.678
2.72696 -0.951433 1.678
2.72509 -0.936473 1.701
2.72415 -0.921374 1.701
2.72216 -0.908401 1.743
2.72288 -0.898119 1.743
2.72328 -0.884004 1.704
2.72565 -0.870861 1.704
2.72807 -0.858756 1.705
2.73331 -0.847815 1.705
2.7332 -0.826767 1.705
2.7334 -0.803931 1.705
2.73854 -0.781975 1.705
2.74192 -0.757711 1.709
2.74579 -0.734447 1.709
2.74948 -0.709734 1.713
2.74803 -0.684009 1.728
2.75072 -0.660151 1.728
2.75038 -0.632638 1.728
2.75055 -0.606447 1.728
2.74931 -0.579486 1.729
2.74874 -0.545435 1.729
2.74755 -0.514864 1.742
2.74529 -0.485104 1.742
2.74689 -0.452716 1.748
2.74578 -0.420817 1.748
2.74441 -0.396081 1.749
2.74233 -0.358416 1.749
2.7393 -0.326287 1.749
2.73475 -0.293447 1.749
2.72847 -0.256549 1.75
2.72371 -0.219664 1.75
2.71638 -0.181076 1.762
2.70808 -0.140026 1.762
2.69676 -0.099934 1.767
2.68406 -0.0613552 1.767
2.67152 -0.0219017 1.767
2.65821 0.0143938 1.767
2.64464 0.0508277 1.774
2.63188 0.0898393 1.774
2.62237 0.127659 1.792
2.61818 0.159878 1.792
2.61738 0.190988 1.792
2.61523 0.221895 1.792
2.61144 0.256296 1.795
2.60883 0.287432 1.818
2.60492 0.31555 1.818
2.59869 0.339925 1.818
2.59267 0.369037 1.822
2.59046 0.399076 1.822
2.59306 0.430449 1.825
2.59764 0.461617 1.825
2.59965 0.491925 1.836
2.59892 0.521112 1.844
2.59657 0.546448 1.844
2.59319 0.569423 1.844
2.5899 0.588005 1.855
2.58661 0.603584 1.866
2.58129 0.617631 1.866
2.57303 0.629326 1.881
2.56318 0.640288 1.881
2.55125 0.649546 1.888
2.53777 0.658898 1.888
2.52493 0.666523 1.895
2.51537 0.67478 1.895
2.50872 0.682383 1.895
2.50251 0.686499 1.895
2.49656 0.687734 1.904
2.49012 0.688842 1.904
2.48083 0.688554 1.92
2.47271 0.687882 1.92
2.46872 0.686672 1.92
2.46491 0.681602 1.92
2.4616 0.67429 1.92
2.45622 0.666892 1.92
2.44249 0.66025 1.92
2.42648 0.658188 1.92
2.40843 0.651329 1.935
2.389 0.644706 1.935
2.37195 0.637309 1.94
2.35672 0.62892 1.94
2.33914 0.61939 1.942
2.3215 0.610056 1.942
2.30288 0.598335 1.942
2.27677 0.585935 1.95
2.27083 0.562889 1.95
2.24835 0.55686 1.951
2.2242 0.550577 1.951
2.2007 0.542545 1.951
2.17883 0.53432 1.951
2.14975 0.522546 1.95
2.12006 0.510043 1.95
2.09198 0.496153 1.95
2.06112 0.482685 1.949
2.03328 0.473218 1.949
2.0055 0.457451 1.95
1.97614 0.442601 1.95
1.94664 0.432273 1.949
1.91418 0.420655 1.949
1.88075 0.411095 1.949
1.84893 0.404626 1.949
1.81955 0.401423 1.949
1.79322 0.398648 1.9
1.76708 0.394464 1.9
1.74478 0.389142 1.9
1.72583 0.382746 1.9
1.71874 0.371102 1.9
1.70849 0.364814 1.9
1.69689 0.359093 1.9
1.68541 0.351478 1.9
1.67706 0.342115 1.894
1.67286 0.329146 1.894
1.66565 0.318197 1.899
1.66027 0.3047 1.899
1.6557 0.289361 1.899
1.64866 0.273369 1.899
1.63995 0.260028 1.943
1.62945 0.24854 1.943
1.61788 0.236995 1.943
1.60254 0.231787 1.943
1.5886 0.225146 1.929
1.57533 0.220263 1.929
1.5594 0.214984 1.922
1.54509 0.209557 1.922
1.53153 0.202128 1.905
1.51671 0.204594 1.905
1.50424 0.207748 1.894
1.49442 0.210395 1.894
1.48443 0.213842 1.882
1.44094 0.214945 1.882
1.39736 0.21742 1.868
1.35437 0.221808 1.868
1.29017 0.230371 1.861
1.22842 0.235304 1.861
1.16979 0.241538 1.846
1.1097 0.255289 1.835
1.05107 0.268599 1.835
0.993703 0.280204 1.835
0.938142 0.292887 1.832
0.881274 0.304843 1.832
0.823508 0.316486 1.832
0.763047 0.32545 1.832
0.705208 0.334931 1.821
0.647835 0.34465 1.807
0.59237 0.356486 1.807
0.540475 0.366143 1.798
0.491993 0.377687 1.798
0.444747 0.389442 1.798
0.399432 0.397848 1.791
0.355 0.403799 1.791
0.313316 0.408962 1.791
0.269807 0.412078 1.791
0.228727 0.414045 1.785
0.186616 0.417421 1.784
0.147748 0.420627 1.784
0.112007 0.421197 1.784
0.0741052 0.420977 1.784
0.0376642 0.419854 1.784
-0.000349893 0.418203 1.784
-0.0358838 0.41771 1.776
-0.0729107 0.417343 1.776
-0.10879 0.412156 1.776
-0.140781 0.405127 1.776
-0.167885 0.397764 1.778
-0.192095 0.390571 1.778
-0.217638 0.384252 1.778
-0.242052 0.379586 1.778
-0.262426 0.376385 1.778
-0.284473 0.3703 1.778
-0.306036 0.362065 1.771
-0.331509 0.352775 1.771
-0.357451 0.339996 1.765
-0.381244 0.332362 1.765
-0.402862 0.32882 1.762
-0.422797 0.322093 1.762
-0.440237 0.315212 1.76
-0.452775 0.306288 1.76
-0.4656 0.292703 1.752
-0.479599 0.279761 1.752
-0.49509 0.269833 1.755
-0.512418 0.256075 1.755
-0.527375 0.241102 1.755
-0.54094 0.2258 1.755
-0.550762 0.210941 1.747
-0.560547 0.192177 1.747
-0.569866 0.173721 1.728
-0.577689 0.156517 1.728
-0.58249 0.136813 1.728
-0.58745 0.118142 1.728
-0.591958 0.100639 1.728
-0.596047 0.0808466 1.728
-0.599306 0.0617651 1.728
-0.599105 0.0427588 1.728
-0.597935 0.0274463 1.728
-0.595687 0.0118522 1.727
-0.594006 -0.00548349 1.727
-0.590724 -0.0272014 1.705
-0.5871 -0.0449465 1.705
-0.582132 -0.061476 1.704
-0.581952 -0.0913507 1.704
-0.581153 -0.121922 1.704
-0.58349 -0.149859 1.704
-0.585681 -0.175781 1.704
-0.588013 -0.199809 1.69
-0.589606 -0.225325 1.69
-0.590499 -0.254232 1.69
-0.592387 -0.282058 1.69
-0.59332 -0.309977 1.69
-0.594652 -0.341676 1.688
-0.595932 -0.371995 1.688
-0.593341 -0.395934 1.679
-0.587953 -0.415989 1.679
-0.581423 -0.433821 1.677
-0.575299 -0.453354 1.677
-0.57028 -0.474787 1.668
-0.565181 -0.494536 1.668
-0.558968 -0.508544 1.665
-0.547079 -0.521504 1.665
-0.535135 -0.534349 1.665
-0.523865 -0.545044 1.665
-0.512731 -0.557093 1.665
-0.500098 -0.56954 1.665
-0.487075 -0.576157 1.682
-0.473359 -0.582217 1.682
-0.458676 -0.588331 1.682
-0.443833 -0.59583 1.682
-0.429112 -0.604644 1.683
-0.436844 -0.613312 1.683
-0.444562 -0.624093 1.683
-0.451429 -0.635986 1.683
-0.436639 -0.647226 1.685
-0.424815 -0.658467 1.685
-0.41521 -0.666773 1.695
-0.405993 -0.673838 1.695
-0.398042 -0.681262 1.698
-0.390423 -0.691129 1.698
-0.381589 -0.703969 1.708
-0.372354 -0.716976 1.708
-0.362158 -0.725262 1.708
-0.350598 -0.730867 1.708
-0.340191 -0.735557 1.708
-0.332296 -0.740672 1.708
-0.324024 -0.747172 1.714
-0.313324 -0.755651 1.714
-0.303535 -0.764092 1.707
-0.295886 -0.773017 1.707
-0.289739 -0.780068 1.702
-0.284161 -0.78728 1.702
-0.277797 -0.791758 1.7
-0.267417 -0.793353 1.673
-0.25559 -0.79775 1.673
-0.247382 -0.805872 1.646
-0.240029 -0.810916 1.646
-0.229992 -0.812814 1.633
-0.21832 -0.815362 1.633
-0.208357 -0.819399 1.574
-0.199985 -0.825391 1.574
-0.193596 -0.834147 1.574
-0.187826 -0.843127 1.541
-0.182235 -0.851412 1.541
-0.174919 -0.858563 1.488
-0.165618 -0.864635 1.488
-0.155204 -0.870978 1.441
-0.146329 -0.879449 1.4
-0.140877 -0.888012 1.4
-0.137642 -0.897928 1.339
-0.136896 -0.905804 1.339
-0.138754 -0.911491 1.287
-0.142134 -0.915784 1.287
-0.146226 -0.919479 1.218
-0.149269 -0.922028 1.218
-0.150282 -0.921532 1.177
-0.149625 -0.921014 1.177
-0.148983 -0.921344 1.12
-0.147559 -0.920414 1.12
-0.144612 -0.917314 1.058
-0.139533 -0.909169 0.995
-0.134406 -0.902139 0.995
-0.12872 -0.896701 0.995
-0.123347 -0.894219 0.938
-0.120674 -0.893538 0.938
-0.118695 -0.885911 0.875
-0.117539 -0.877934 0.875
-0.117454 -0.866577 0.875
-0.117611 -0.855711 0.795
-0.117763 -0.843353 0.738
-0.1194 -0.833251 0.738
-0.121129 -0.830055 0.676
-0.125461 -0.829901 0.676
-0.132085 -0.834288 0.598
-0.136788 -0.836516 0.598
-0.136251 -0.83823 0.54
-0.135137 -0.833805 0.54
-0.136008 -0.823526 0.478
-0.138282 -0.806306 0.478
-0.139555 -0.801745 0.412
-0.14037 -0.798653 0.367
-0.140576 -0.796637 0.367
-0.140618 -0.795755 0.367
-0.140667 -0.795434 0.306
-0.141506 -0.794798 0.3
-0.142267 -0.794435 0.3
-0.14309 -0.794185 0.3
-0.143864 -0.794102 0.3
-0.144659 -0.794043 0.3
-0.145363 -0.794086 0.3
-0.147041 -0.793602 0.3
-0.148657 -0.79312 0.3
-0.150107 -0.792618 0.3
-0.151404 -0.792133 0.3
-0.153996 -0.791473 0.3
-0.157907 -0.789834 0.3
-0.161618 -0.788189 0.3
-0.165559 -0.785956 0.3
-0.169194 -0.783878 0.3
-0.172967 -0.781344 0.3
-0.177385 -0.778481 0.3
-0.181708 -0.775524 0.3
-0.185739 -0.772836 0.3
-0.189708 -0.770036 0.3
-0.193128 -0.767146 0.3
-0.19576 -0.765175 0.3
-0.198994 -0.763094 0.3
-0.201996 -0.761428 0.3
-0.204855 -0.760019 0.3
-0.207564 -0.758801 0.3
-0.210173 -0.757732 0.3
-0.213566 -0.756192 0.3
-0.216842 -0.754796 0.3
-0.219982 -0.753478 0.3
-0.222826 -0.752276 0.3
-0.22527 -0.751082 0.3
-0.228393 -0.749421 0.3
-0.23142 -0.747754 0.3
-0.234301 -0.746181 0.3
-0.237073 -0.744664 0.3
-0.239609 -0.743328 0.3
-0.241977 -0.742083 0.3
-0.245213 -0.740271 0.3
-0.248252 -0.738597 0.3
-0.251017 -0.737065 0.3
-0.25386 -0.735327 0.3
-0.256742 -0.733563 0.3
-0.260124 -0.731481 0.3
-0.263323 -0.729464 0.3
-0.266483 -0.727475 0.3
-0.269495 -0.725574 0.3
-0.272271 -0.723788 0.3
-0.275858 -0.721511 0.3
-0.279319 -0.719304 0.3
-0.282762 -0.717203 0.3
-0.286016 -0.715268 0.3
-0.289137 -0.713437 0.3
-0.292112 -0.71171 0.3
-0.295784 -0.709579 0.3
-0.299457 -0.707414 0.3
-0.30301 -0.705336 0.3
-0.306351 -0.70341 0.3
-0.310412 -0.701052 0.3
-0.314411 -0.698698 0.3
-0.318253 -0.696436 0.3
-0.321994 -0.694226 0.3
-0.325508 -0.692174 0.3
-0.328881 -0.690196 0.3
-0.333016 -0.687755 0.3
-0.336987 -0.68541 0.3
-0.340849 -0.683122 0.3
-0.344504 -0.680973 0.3
-0.347984 -0.67892 0.3
-0.35227 -0.676336 0.3
-0.356286 -0.673905 0.3
-0.360193 -0.671527 0.3
-0.363804 -0.669319 0.3
-0.36741 -0.667109 0.3
-0.370696 -0.665091 0.3
-0.374845 -0.662545 0.3
-0.37893 -0.660051 0.3
-0.382824 -0.657687 0.3
-0.386588 -0.655417 0.3
-0.390189 -0.653268 0.3
-0.394605 -0.650633 0.3
-0.398786 -0.648145 0.3
-0.402783 -0.645763 0.3
-0.406616 -0.643476 0.3
-0.410287 -0.641285 0.3
-0.413809 -0.639184 0.3
-0.418093 -0.636622 0.3
-0.422181 -0.634178 0.3
-0.426183 -0.631786 0.3
-0.429943 -0.629532 0.3
-0.433616 -0.627318 0.3
-0.437992 -0.624679 0.3
-0.442175 -0.622148 0.3
-0.445924 -0.619849 0.3
