[0m[ INFO] [1458730861.566603031]: Starting ZmartImgFusin Node...[0m
0.000399252 -0.000126427 0.493
0.00110127 -0.000477367 0.493
0.00179187 -0.00090996 0.495
0.0023945 -0.00129228 0.495
0.00292869 -0.00159761 0.495
0.00341961 -0.00184101 0.495
0.00394174 -0.00207695 0.494
0.00446031 -0.00228572 0.494
0.00493805 -0.00245518 0.494
0.0054289 -0.00262785 0.494
0.00580714 -0.002729 0.495
0.00625851 -0.00288475 0.495
0.00660955 -0.00297654 0.495
0.00702737 -0.00311825 0.495
0.00735795 -0.00320536 0.495
0.0077429 -0.00333418 0.495
0.00810698 -0.00344853 0.501
0.00841023 -0.00353674 0.501
0.00894945 -0.00374239 0.505
0.00921404 -0.00377365 0.501
0.00932525 -0.00374049 0.501
0.00959624 -0.00381451 0.501
0.00997719 -0.00393024 0.501
0.0102471 -0.00397831 0.501
0.0103681 -0.00395888 0.502
0.0105894 -0.00400711 0.502
0.0107554 -0.00402487 0.496
0.010955 -0.00406444 0.496
0.0111551 -0.00410642 0.496
0.0112601 -0.00410284 0.496
0.0114484 -0.00415117 0.494
0.0116044 -0.00417938 0.494
0.0116423 -0.00415104 0.494
0.0117692 -0.00418129 0.496
0.0118417 -0.00418061 0.496
0.0119585 -0.00420689 0.497
0.0120071 -0.00419724 0.497
0.012115 -0.0042192 0.497
0.0122999 -0.00427908 0.5
0.0123425 -0.00426266 0.5
0.0123918 -0.00426407 0.5
0.0124874 -0.00429524 0.5
0.0125525 -0.00430859 0.5
0.0126197 -0.00432611 0.5
0.0126319 -0.00431596 0.5
0.0127028 -0.00434341 0.5
0.0127818 -0.00437152 0.5
0.0128159 -0.00437851 0.495
0.0128645 -0.00440417 0.495
0.0128908 -0.00441821 0.493
0.012928 -0.00444013 0.493
0.0129443 -0.00444977 0.493
0.0129061 -0.00443087 0.493
0.0129307 -0.00445401 0.493
0.0128898 -0.00443559 0.493
0.012972 -0.00449069 0.493
0.013004 -0.00450606 0.493
0.012989 -0.00449354 0.493
0.0130325 -0.00451025 0.493
0.013043 -0.00450354 0.493
0.0130909 -0.00451807 0.493
0.0131269 -0.004523 0.493
0.013175 -0.00453427 0.493
0.0132094 -0.00453741 0.493
0.0132537 -0.00454682 0.493
0.0132299 -0.00452059 0.493
0.0132112 -0.00450456 0.493
0.0132725 -0.00453143 0.493
0.0133234 -0.00453862 0.493
0.0133667 -0.00453806 0.493
0.0134169 -0.00454004 0.493
0.0134635 -0.00453925 0.493
0.0135107 -0.00453886 0.493
0.0135565 -0.00453799 0.494
0.0136001 -0.00453679 0.494
0.0138756 -0.00464376 0.494
0.0139294 -0.00462679 0.494
0.0141307 -0.00469439 0.494
0.0143071 -0.00475183 0.494
0.0144872 -0.00481481 0.494
0.0146873 -0.00488935 0.494
0.0151938 -0.00511323 0.493
0.0167486 -0.00603391 0.493
0.0159372 -0.00547717 0.493
0.0156909 -0.00533898 0.493
0.0154631 -0.00514789 0.493
0.0153772 -0.00509072 0.493
0.0153336 -0.00509743 0.491
0.0152249 -0.00508365 0.491
0.0152039 -0.00517012 0.491
0.0152676 -0.00532782 0.491
0.0153348 -0.00548005 0.491
0.0154126 -0.00563878 0.491
0.015413 -0.00572976 0.491
0.0155053 -0.00590825 0.491
0.0155733 -0.00608035 0.491
0.0155548 -0.00612643 0.491
0.0155863 -0.00618027 0.491
0.0155841 -0.00618333 0.491
0.015638 -0.00620596 0.491
0.0156133 -0.00616737 0.491
0.0156649 -0.00617176 0.491
0.015728 -0.00617219 0.493
0.0157029 -0.00611953 0.493
0.0158184 -0.00613657 0.493
0.0160084 -0.00610193 0.493
0.0162249 -0.00604168 0.493
0.0164458 -0.00596587 0.493
0.0166197 -0.00586995 0.493
0.0166893 -0.0057468 0.493
0.0167774 -0.00563616 0.493
0.0168573 -0.0055271 0.493
0.0169372 -0.00542195 0.493
0.0170646 -0.00533259 0.493
0.0170775 -0.00522373 0.493
0.0168082 -0.00507878 0.493
0.0166367 -0.00501706 0.493
0.0164508 -0.00495872 0.493
0.0162167 -0.00488237 0.493
0.0160701 -0.00485574 0.493
0.0159151 -0.00481957 0.493
0.0156871 -0.00474566 0.493
0.0155384 -0.00471963 0.493
0.0153967 -0.00469135 0.493
0.0152614 -0.00466117 0.493
0.0150276 -0.00459157 0.493
0.0148818 -0.00459296 0.493
0.0147425 -0.00459548 0.493
0.0145557 -0.00456526 0.493
0.0144241 -0.00457313 0.493
0.0142512 -0.00454771 0.493
0.0141399 -0.00456303 0.493
0.014041 -0.00457723 0.493
0.0139015 -0.00455969 0.493
0.0137776 -0.00456387 0.493
0.0135857 -0.00457928 0.499
0.0133963 -0.00462956 0.499
0.0131616 -0.00463958 0.499
0.0129752 -0.00471001 0.499
0.0128034 -0.00478583 0.499
0.0125895 -0.00480337 0.499
0.0124344 -0.00488875 0.499
0.0122353 -0.00490563 0.499
0.0121207 -0.00502006 0.466
0.012003 -0.00508189 0.466
0.0119035 -0.00511907 0.466
0.0118447 -0.00518318 0.466
0.0118106 -0.0052593 0.466
0.011712 -0.00526301 0.466
0.0116532 -0.00531219 0.433
0.0115582 -0.00531962 0.433
0.0115067 -0.00537342 0.433
0.0114175 -0.00538063 0.433
0.0114253 -0.00548222 0.433
0.0113647 -0.00550011 0.433
0.0113847 -0.0055112 0.433
0.0113823 -0.00546669 0.433
0.0114411 -0.00543981 0.433
0.0115149 -0.0054031 0.433
0.011586 -0.00535487 0.433
0.0116611 -0.00530462 0.433
0.0117319 -0.00525098 0.433
0.0118012 -0.00519739 0.433
0.0119477 -0.00517131 0.433
0.0119995 -0.00508133 0.433
0.0121281 -0.00502175 0.433
0.0121833 -0.00493321 0.438
0.0124158 -0.00491105 0.438
0.012553 -0.00484766 0.438
0.0126318 -0.00476943 0.438
0.012706 -0.00469838 0.438
0.0128182 -0.00464508 0.438
0.0129187 -0.00458937 0.457
0.012965 -0.00453845 0.457
0.0128326 -0.00446005 0.457
0.0127191 -0.0044196 0.457
0.0125534 -0.0043564 0.457
0.0124291 -0.00432223 0.457
0.0123047 -0.00428477 0.457
0.012192 -0.00425216 0.457
0.0120837 -0.00422073 0.457
0.0119808 -0.00419072 0.457
0.0118855 -0.00416349 0.457
0.0118505 -0.00409762 0.457
0.0118594 -0.00408186 0.457
0.0119684 -0.00417145 0.457
0.0120162 -0.00423516 0.457
0.0121391 -0.00438623 0.457
0.0122518 -0.00453319 0.457
0.0123763 -0.00469594 0.457
0.0124961 -0.00485634 0.457
0.0125534 -0.00496281 0.457
0.012671 -0.00513369 0.457
0.012749 -0.00525167 0.457
0.0129855 -0.00534389 0.457
0.0132964 -0.00539946 0.457
0.0135328 -0.00538389 0.457
0.0138433 -0.00538328 0.457
0.0140396 -0.00532849 0.457
0.0143294 -0.00530816 0.457
0.0146664 -0.00529583 0.457
0.0149489 -0.00526184 0.457
0.0150441 -0.00517139 0.434
0.0152443 -0.00515986 0.434
0.0153407 -0.00509059 0.434
0.0153485 -0.00498276 0.434
0.0154162 -0.00487973 0.434
0.0154983 -0.00476931 0.434
0.0154873 -0.00463833 0.434
0.0155577 -0.00452431 0.434
0.0155787 -0.00440354 0.434
0.0156729 -0.00429703 0.434
0.0156303 -0.00417156 0.434
0.0157148 -0.00405769 0.434
0.0157173 -0.00395508 0.434
0.0158467 -0.00390344 0.434
0.0159897 -0.00386869 0.438
0.0160294 -0.00381655 0.438
0.0161729 -0.00380344 0.465
0.0163069 -0.00378929 0.465
0.0166951 -0.00384752 0.465
0.0168646 -0.00383558 0.465
0.0165708 -0.00369454 0.465
0.016633 -0.0036853 0.465
0.0166099 -0.00367732 0.465
0.0166871 -0.00373529 0.465
0.0167732 -0.00380562 0.465
0.0167598 -0.00383689 0.465
0.0170465 -0.00401994 0.465
0.0173555 -0.00419101 0.465
0.0176697 -0.00435448 0.465
0.0177885 -0.00441919 0.465
0.0177263 -0.00444042 0.465
0.017645 -0.00447157 0.465
0.0174919 -0.00445812 0.465
0.0174635 -0.00449828 0.465
0.0173916 -0.00449866 0.465
0.0172203 -0.00444962 0.465
0.0171434 -0.00444498 0.465
0.0170546 -0.00442705 0.465
0.0169306 -0.00439231 0.465
0.0168698 -0.00438407 0.465
0.0167262 -0.00433141 0.465
0.0166479 -0.0043397 0.465
0.0164906 -0.00431738 0.465
0.0164003 -0.00434242 0.465
0.016323 -0.00437366 0.465
0.0162534 -0.00440778 0.465
0.0161862 -0.00444138 0.465
0.0161153 -0.00447043 0.465
0.0159958 -0.004471 0.465
0.0159302 -0.00450587 0.465
0.0158147 -0.00450724 0.465
0.0158497 -0.0045483 0.465
0.0157892 -0.00451822 0.465
0.0158805 -0.00454699 0.465
0.0159172 -0.00453754 0.465
0.0158907 -0.00450186 0.465
0.0159183 -0.00449157 0.465
0.0159307 -0.00447202 0.465
0.0159646 -0.00446134 0.465
0.0159951 -0.0044482 0.465
0.0159049 -0.00438868 0.465
0.0157578 -0.00440457 0.465
0.0155054 -0.0043925 0.465
0.0153092 -0.00445894 0.465
0.0151185 -0.00453133 0.465
0.014937 -0.00460933 0.465
0.0147684 -0.00469433 0.465
0.0145594 -0.00473318 0.465
0.0144114 -0.00482967 0.465
0.0142033 -0.00485215 0.465
0.0141407 -0.00499296 0.465
0.0141523 -0.00500505 0.465
0.0142242 -0.00496342 0.465
0.0142827 -0.00487433 0.465
0.0142839 -0.00475272 0.465
0.0143372 -0.00463175 0.465
0.0143646 -0.00449967 0.465
0.0143359 -0.00435951 0.465
0.0143809 -0.0042312 0.465
0.0143511 -0.00409519 0.465
0.0144146 -0.00396544 0.465
0.0143563 -0.00387472 0.465
0.0142759 -0.00381603 0.465
0.0141876 -0.00377681 0.465
0.0140877 -0.00374609 0.465
0.0140001 -0.00373 0.465
0.0139051 -0.00371335 0.465
0.0137652 -0.00367763 0.465
0.0137079 -0.00368571 0.465
0.0135771 -0.00365365 0.465
0.0134581 -0.00353894 0.465
0.0131673 -0.00380486 0.465
0.0128419 -0.00438644 0.461
0.0125004 -0.00505475 0.461
0.0121424 -0.005597 0.461
0.0118005 -0.00626956 0.461
0.0114851 -0.00711247 0.57
0.0111886 -0.0079625 0.57
0.0109002 -0.00870669 0.57
0.0107419 -0.00976932 0.567
0.0106736 -0.0101598 0.567
0.0106897 -0.0104359 0.567
0.0107601 -0.0106124 0.567
0.01083 -0.0106662 0.567
0.010913 -0.0106671 0.567
0.0109377 -0.0105581 0.567
0.0110196 -0.0104983 0.567
0.0110832 -0.0103945 1.498
0.01117 -0.0103064 1.498
0.0111845 -0.0102042 3.258
0.0110474 -0.0100452 3.258
0.0109036 -0.00994153 3.257
0.010785 -0.00985057 3.257
0.0107052 -0.00975689 3.257
0.0107125 -0.00973263 3.257
0.010706 -0.00967215 3.257
0.0108313 -0.00983292 3.257
0.0109406 -0.00993195 3.257
0.0111402 -0.0101912 3.257
0.0113841 -0.0104466 3.257
0.0117197 -0.0107287 3.257
0.0120873 -0.0110275 0.3
0.0124376 -0.0113056 0.3
0.0127921 -0.0115916 0.3
0.0131129 -0.0118201 0.3
0.0132962 -0.01188 0.3
0.0135634 -0.0120999 0.3
0.0137086 -0.0121652 0.3
0.0139419 -0.0123997 0.3
0.0140884 -0.0126838 0.3
0.0140533 -0.0126747 0.3
0.0140354 -0.0126352 0.3
0.0139304 -0.0124291 0.3
0.0138559 -0.0122043 0.355
0.0137149 -0.0118937 0.355
0.0136339 -0.0116108 0.394
0.0135016 -0.0112845 0.394
0.0134343 -0.0109998 0.471
0.0133754 -0.010716 0.471
0.0132559 -0.0103569 0.534
0.0130206 -0.00902053 0.534
0.0124057 -0.00477798 0.534
0.0113796 0.00275715 0.534
0.0100823 0.0106134 0.617
0.00823378 0.018039 0.617
0.00621365 0.025254 0.777
0.00346337 0.0335322 0.777
0.00078734 0.0398681 0.856
-0.000886001 0.04701 0.856
-0.00189071 0.0565317 0.94
-0.00316584 0.0662656 0.94
-0.00222235 0.075069 1.022
-0.000790044 0.0855556 1.022
0.0038177 0.0936137 1.114
0.0102329 0.10259 1.114
0.016712 0.10933 1.114
0.0207303 0.11331 1.114
0.0247575 0.115778 1.114
0.032416 0.117695 1.114
0.0418326 0.118609 1.114
0.0526171 0.120789 1.183
0.0638652 0.122434 1.183
0.106163 0.128242 1.183
0.145919 0.134955 1.356
0.183537 0.141995 1.356
0.221607 0.151118 1.378
0.257817 0.159159 1.404
0.291706 0.165574 1.404
0.326204 0.171413 1.404
0.358958 0.174367 1.404
0.389238 0.175992 1.428
0.422872 0.175984 1.428
0.454818 0.174666 1.431
0.48488 0.17202 1.431
0.514181 0.169839 1.453
0.543039 0.168864 1.453
0.570434 0.167117 1.453
0.596024 0.16151 1.453
0.62048 0.157314 1.453
0.644845 0.155896 1.453
0.668515 0.155136 1.457
0.691326 0.153825 1.457
0.71389 0.15279 1.486
0.736739 0.15192 1.486
0.760291 0.151758 1.503
0.78374 0.151007 1.503
0.816451 0.144086 1.514
0.834454 0.136698 1.514
0.8509 0.12965 1.524
0.866549 0.123367 1.524
0.881535 0.115086 1.54
0.895237 0.107493 1.54
0.907975 0.100685 1.549
0.921446 0.0948103 1.549
0.934233 0.0909621 1.568
0.946347 0.0887807 1.568
0.957613 0.0898056 1.571
0.969449 0.0930959 1.586
0.982282 0.0929912 1.586
0.994525 0.0918192 1.593
1.0042 0.0893709 1.593
1.01229 0.0876965 1.605
1.01907 0.087539 1.605
1.02767 0.0912254 1.622
1.03953 0.0969944 1.622
1.05235 0.102878 1.623
1.06239 0.106931 1.623
1.06791 0.108935 1.641
1.07048 0.106187 1.641
1.07465 0.102191 1.655
1.0801 0.0998584 1.655
1.08489 0.0982841 1.666
1.08781 0.099296 1.666
1.0887 0.0999971 1.666
1.09097 0.100232 1.666
1.09602 0.100913 1.681
1.10451 0.100538 1.681
1.11504 0.099286 1.702
1.12526 0.0957845 1.702
1.13397 0.0911786 1.724
1.14141 0.0865037 1.724
1.15417 0.0806626 1.726
1.16817 0.076859 1.726
1.18287 0.0749834 1.756
1.19687 0.0740081 1.756
1.20941 0.074188 1.761
1.22115 0.0730383 1.761
1.23138 0.0700795 1.779
1.23904 0.067391 1.779
1.24367 0.0668355 1.795
1.24658 0.065582 1.795
1.24976 0.0646218 1.801
1.25373 0.0635045 1.801
1.25911 0.0627827 1.816
1.26568 0.0601484 1.816
1.27203 0.0591595 1.821
1.278 0.0586881 1.822
1.28358 0.0585975 1.822
1.28707 0.0590093 1.821
1.28779 0.057276 1.821
1.28698 0.053391 1.812
1.2853 0.048146 1.812
1.28288 0.0415274 1.812
1.28262 0.0335386 1.809
1.28465 0.0244471 1.809
1.2893 0.0169643 1.768
1.29227 0.00907091 1.768
1.29383 0.0029511 1.768
1.29598 -0.00277314 1.768
1.3004 -0.00864998 1.752
1.30718 -0.0160699 1.752
1.31617 -0.0270288 1.75
1.3269 -0.0365523 1.75
1.3366 -0.0475557 1.75
1.34093 -0.0583342 1.75
1.34528 -0.0700973 1.754
1.35088 -0.0798547 1.754
1.35808 -0.0911086 1.759
1.36537 -0.100559 1.77
1.37078 -0.105835 1.77
1.37455 -0.108179 1.779
1.37914 -0.109575 1.779
1.38391 -0.112473 1.78
1.38904 -0.116822 1.78
1.3925 -0.119436 1.802
1.39278 -0.119186 1.802
1.39197 -0.11679 1.817
1.39235 -0.114352 1.817
1.39385 -0.11137 1.817
1.39393 -0.107546 1.817
1.39339 -0.10248 1.831
1.39273 -0.0929361 1.831
1.39099 -0.0854676 1.855
1.39095 -0.0798311 1.855
1.39661 -0.0728352 1.86
1.40542 -0.0585173 1.86
1.4126 -0.0426454 1.885
1.4202 -0.0299423 1.885
1.42605 -0.021339 1.889
1.43107 -0.0146019 1.889
1.43661 -0.00541968 1.901
1.44192 0.00437675 1.901
1.44872 0.0128265 1.909
1.45792 0.0167385 1.909
1.46787 0.0177128 1.916
1.47704 0.0148747 1.916
1.48377 0.0152688 1.945
1.48907 0.0184348 1.945
1.49395 0.0227246 1.952
1.49642 0.0256178 1.952
1.49557 0.0283831 1.952
1.49188 0.0300612 1.952
1.4878 0.0320935 1.966
1.48672 0.0316932 1.966
1.48691 0.0327034 1.966
1.48392 0.0356601 1.966
1.47834 0.0383085 1.998
1.47427 0.0380347 1.998
1.47544 0.0391834 2.014
1.48072 0.0434479 2.014
1.48827 0.0482995 2.025
1.49327 0.0553592 2.025
1.4971 0.0585159 2.041
1.50611 0.0574821 2.041
1.5163 0.0569513 2.041
1.52338 0.0573806 2.041
1.53405 0.0566344 2.055
1.54614 0.0564406 2.055
1.56144 0.0580371 2.068
1.5782 0.0596529 2.068
1.5897 0.0564688 2.086
1.59606 0.0477049 2.086
1.60382 0.0413601 2.088
1.61321 0.0423232 2.086
1.62339 0.0427089 2.086
1.63334 0.0417216 2.08
1.64066 0.0420536 2.08
1.64501 0.0403888 2.033
1.64577 0.039766 2.033
1.6439 0.0411485 1.982
1.64691 0.0413252 1.982
1.65363 0.0371442 1.982
1.66374 0.0316887 1.982
1.67567 0.0259753 1.936
1.68644 0.0202244 1.936
1.69701 0.0149114 1.936
1.70673 0.0115719 1.936
1.71347 0.00867564 1.807
1.71829 0.00317666 1.807
1.7245 -0.00442406 1.719
1.73364 -0.0105095 1.719
1.74621 -0.0153423 1.683
1.76087 -0.0191797 1.683
1.77357 -0.0214286 1.665
1.78292 -0.0236507 1.665
1.79131 -0.0252539 1.608
1.79756 -0.0265518 1.608
1.80224 -0.0281236 1.576
1.80716 -0.0275818 1.576
1.81609 -0.0284975 1.538
1.82756 -0.0314077 1.538
1.84127 -0.0348491 1.504
1.85258 -0.038328 1.504
1.86075 -0.039927 1.462
1.86537 -0.0386226 1.462
1.87184 -0.0351712 1.443
1.88116 -0.0341186 1.402
1.89455 -0.0348214 1.402
1.90673 -0.0368631 1.362
1.91914 -0.0396863 1.362
1.93715 -0.0445295 1.325
1.95529 -0.0496087 1.325
1.97077 -0.0540131 1.3
1.98287 -0.0572963 1.3
1.9929 -0.0579422 1.3
2.00356 -0.0610378 1.273
2.01649 -0.0605768 1.273
2.02876 -0.0587919 1.247
2.03998 -0.0574216 1.247
2.05569 -0.0549699 1.237
2.06879 -0.0518976 1.225
2.07886 -0.0477067 1.225
2.08781 -0.0411131 1.205
2.09479 -0.0362175 1.205
2.1023 -0.031896 1.197
2.11432 -0.0315032 1.197
2.12676 -0.0331512 1.185
2.13931 -0.0317734 1.185
2.15086 -0.0287146 1.184
2.16245 -0.0260416 1.184
2.17496 -0.0241611 1.172
2.19079 -0.0220512 1.172
2.20735 -0.019612 1.169
2.2217 -0.0187783 1.169
2.23494 -0.0218876 1.161
2.24765 -0.0257246 1.161
2.26064 -0.0299456 1.16
2.27509 -0.0325001 1.16
2.2891 -0.0353906 1.16
2.30311 -0.0391198 1.16
2.31542 -0.0443944 1.157
2.32732 -0.0506673 1.157
2.3398 -0.0571869 1.154
2.35058 -0.0623831 1.154
2.35848 -0.0654797 1.154
2.36568 -0.0682101 1.154
2.37314 -0.0724896 1.157
2.37954 -0.0782366 1.157
2.3853 -0.0831025 1.159
2.39117 -0.0854898 1.159
2.39687 -0.086747 1.169
2.40164 -0.090919 1.169
2.40764 -0.0944318 1.169
2.41605 -0.0976185 1.169
2.42348 -0.101915 1.169
2.42826 -0.106046 1.169
2.43082 -0.109274 1.185
2.43288 -0.111053 1.185
2.43611 -0.111291 1.189
2.44189 -0.111334 1.189
2.45088 -0.11207 1.197
2.46188 -0.114081 1.197
2.47314 -0.118314 1.201
2.48312 -0.123565 1.213
2.49163 -0.127458 1.213
2.4998 -0.131443 1.221
2.50777 -0.134129 1.221
2.51538 -0.13605 1.228
2.52247 -0.138254 1.228
2.53024 -0.141973 1.246
2.53887 -0.145027 1.246
2.54587 -0.145349 1.249
2.55124 -0.145031 1.249
2.55725 -0.147554 1.257
2.5634 -0.151889 1.257
2.56688 -0.15385 1.263
2.56864 -0.155536 1.263
2.5721 -0.156953 1.273
2.57828 -0.159944 1.273
2.58451 -0.162844 1.282
2.58675 -0.165848 1.282
2.58661 -0.170328 1.288
2.56673 -0.165287 1.288
2.55014 -0.159632 1.297
2.53543 -0.152992 1.297
2.52049 -0.145412 1.303
2.50285 -0.139661 1.311
2.48325 -0.135761 1.311
2.46698 -0.132978 1.311
2.4544 -0.130126 1.33
2.44116 -0.126784 1.33
2.42484 -0.122408 1.334
2.40698 -0.116938 1.334
2.39131 -0.110915 1.342
2.37786 -0.105622 1.342
2.36524 -0.102203 1.342
2.35289 -0.100346 1.342
2.34065 -0.0963737 1.35
2.32845 -0.0914729 1.35
2.31646 -0.0862757 1.353
2.30515 -0.0828486 1.353
2.29411 -0.0779991 1.365
2.28255 -0.0733069 1.365
2.26982 -0.0676561 1.369
2.25612 -0.0630552 1.373
2.2417 -0.0587364 1.373
2.22686 -0.0537863 1.388
2.21122 -0.0483364 1.388
2.19586 -0.0438529 1.39
2.18079 -0.0407606 1.39
2.16962 -0.0399067 1.405
2.16215 -0.0383838 1.405
2.15765 -0.0375082 1.408
2.15328 -0.0395644 1.408
2.15024 -0.0406255 1.416
2.1474 -0.0414887 1.416
2.14402 -0.0407629 1.416
2.14204 -0.039553 1.416
2.14072 -0.0368283 1.416
2.14119 -0.0374467 1.416
2.14126 -0.0401948 1.43
2.14288 -0.0437242 1.43
2.14506 -0.0467335 1.435
2.14793 -0.0481025 1.435
2.15206 -0.0498993 1.436
2.15372 -0.0494099 1.436
2.15216 -0.0461873 1.447
2.1498 -0.0446524 1.447
2.14678 -0.0433353 1.452
2.14495 -0.0353683 1.452
2.14254 -0.0239736 1.457
2.14287 -0.0133589 1.457
2.14289 -0.00494034 1.464
2.14356 0.0036009 1.464
2.14328 0.0116715 1.465
2.14038 0.0213896 1.465
2.13609 0.0364508 1.479
2.13207 0.0524691 1.479
2.13178 0.0674207 1.479
2.1324 0.0830484 1.479
2.13407 0.0986344 1.483
2.13875 0.115437 1.483
2.14029 0.133691 1.498
2.14022 0.150662 1.498
2.13794 0.166127 1.508
2.13699 0.180675 1.512
2.1425 0.193152 1.512
2.14297 0.205178 1.512
2.1416 0.21638 1.517
2.14078 0.230997 1.517
2.14115 0.245143 1.517
2.1445 0.258416 1.517
2.14715 0.27406 1.522
2.14926 0.290459 1.522
2.15011 0.305241 1.522
2.15118 0.322929 1.522
2.15292 0.340728 1.524
2.15427 0.35891 1.537
2.15829 0.376627 1.537
2.15804 0.396086 1.537
2.15517 0.412685 1.537
2.15125 0.429863 1.537
2.14665 0.453254 1.537
2.14214 0.472961 1.542
2.13791 0.487909 1.542
2.13465 0.502599 1.543
2.12749 0.519109 1.543
2.11819 0.538401 1.543
2.11029 0.556704 1.543
2.10458 0.558214 1.551
2.09851 0.560875 1.551
2.09165 0.565272 1.557
2.08509 0.572299 1.557
2.07685 0.581078 1.557
2.06654 0.59111 1.557
2.05612 0.599503 1.563
2.04797 0.60508 1.563
2.04213 0.61159 1.563
2.04024 0.616765 1.563
2.0403 0.619977 1.563
2.04214 0.625716 1.563
2.04645 0.628059 1.571
2.05455 0.631131 1.571
2.06469 0.633973 1.586
2.07835 0.636666 1.586
2.09568 0.639757 1.587
2.10942 0.642746 1.587
2.12186 0.643899 1.587
2.13821 0.648233 1.587
2.15656 0.651306 1.587
2.17457 0.652978 1.587
2.19093 0.655202 1.587
2.20951 0.657572 1.587
2.2267 0.658803 1.588
2.24281 0.658207 1.588
2.26026 0.660371 1.588
2.27663 0.662535 1.588
2.28991 0.666584 1.585
2.30018 0.674645 1.585
2.30833 0.684866 1.585
2.31566 0.693746 1.585
2.3228 0.703172 1.585
2.32882 0.712282 1.585
2.33605 0.721618 1.585
2.34558 0.732378 1.582
2.35936 0.743662 1.582
2.3686 0.755535 1.582
2.37304 0.772084 1.579
2.37985 0.789207 1.579
2.38434 0.805619 1.578
2.38989 0.821808 1.578
2.39535 0.836529 1.579
2.40056 0.848271 1.579
2.40697 0.861929 1.579
2.41362 0.876216 1.592
2.41824 0.89126 1.592
2.4203 0.902291 1.592
2.42303 0.911668 1.592
2.42683 0.919883 1.592
2.43247 0.929122 1.592
2.43654 0.937973 1.567
2.43953 0.945469 1.567
2.4403 0.969291 1.567
2.4379 0.994487 1.567
2.43549 1.02169 1.567
2.43547 1.04939 1.567
2.43772 1.07491 1.57
2.44029 1.09971 1.57
2.44237 1.12285 1.57
2.44323 1.14415 1.57
2.44378 1.16352 1.582
2.44462 1.18087 1.582
2.44873 1.19264 1.582
2.45513 1.19996 1.582
2.46122 1.20555 1.582
2.46598 1.21029 1.597
2.46706 1.21525 1.605
2.46786 1.22113 1.605
2.46759 1.22711 1.609
2.46865 1.23415 1.609
2.46908 1.24432 1.611
2.4637 1.25441 1.611
2.45543 1.26184 1.609
2.44682 1.27078 1.609
2.43457 1.28051 1.612
2.421 1.29127 1.612
2.40854 1.30032 1.612
2.39816 1.30684 1.612
2.38995 1.31405 1.616
2.38321 1.31886 1.616
2.37403 1.32079 1.629
2.36464 1.32125 1.629
2.3574 1.32294 1.634
2.353 1.3232 1.634
2.35184 1.3244 1.646
2.3527 1.32284 1.646
2.34867 1.31772 1.655
2.34593 1.31151 1.655
2.34325 1.30588 1.668
2.33862 1.30031 1.668
2.33451 1.29557 1.677
2.33097 1.29512 1.677
2.32942 1.29256 1.682
2.32307 1.29359 1.682
2.31877 1.29517 1.682
2.31291 1.3005 1.682
2.3052 1.31247 1.688
2.29924 1.32013 1.688
2.29353 1.32878 1.709
2.2857 1.33912 1.709
2.27452 1.34855 1.717
2.26413 1.35622 1.717
2.25628 1.35948 1.729
2.24495 1.36434 1.729
2.23202 1.37004 1.729
2.21928 1.37548 1.735
2.20693 1.37923 1.735
2.19547 1.37943 1.746
2.18411 1.37974 1.746
2.1737 1.38016 1.766
2.1588 1.38719 1.766
2.14418 1.39334 1.792
2.1296 1.39966 1.792
2.11421 1.39836 1.777
2.09913 1.40053 1.777
2.08523 1.40873 1.785
2.07393 1.41215 1.785
2.06021 1.41749 1.785
2.04487 1.42396 1.785
2.02895 1.42733 1.803
2.01418 1.4304 1.803
2.00263 1.43452 1.806
1.99295 1.44114 1.806
1.97892 1.45135 1.822
1.96564 1.46006 1.822
1.95333 1.47023 1.822
1.94354 1.47984 1.822
1.93395 1.4917 1.822
1.92521 1.50261 1.822
1.91647 1.5128 1.823
1.90569 1.52138 1.823
1.89452 1.52955 1.845
1.88203 1.53723 1.845
1.86924 1.54218 1.865
1.85613 1.55117 1.865
1.84219 1.56345 1.887
1.83052 1.57099 1.887
1.81737 1.57588 1.887
1.80128 1.57846 1.887
1.7828 1.58147 1.887
1.76692 1.58722 1.887
1.75244 1.58848 1.887
1.73691 1.58877 1.911
1.71905 1.58904 1.911
1.7 1.59247 1.911
1.68361 1.59921 1.92
1.66864 1.606 1.92
1.65451 1.61052 1.927
1.62691 1.61571 1.927
1.6009 1.6199 1.941
1.57622 1.62219 1.941
1.55046 1.62607 1.941
1.52409 1.62681 1.941
1.4976 1.62462 1.941
1.47372 1.62223 1.941
1.45043 1.6203 1.966
1.42517 1.61522 1.966
1.3994 1.60772 1.966
1.37164 1.5982 1.966
1.34525 1.58845 1.949
1.32183 1.58108 1.944
1.29627 1.57259 1.944
1.27279 1.56374 1.943
1.25093 1.5542 1.943
1.23052 1.54383 1.928
1.20893 1.53234 1.928
1.18682 1.52289 1.925
1.16311 1.51279 1.923
1.138 1.50764 1.923
1.11395 1.50298 1.923
1.09341 1.49883 1.919
1.07513 1.493 1.919
1.07525 1.48428 1.913
1.07501 1.47987 1.913
1.07665 1.48099 1.913
1.08152 1.47674 1.913
1.08984 1.47422 1.913
1.09908 1.47325 1.913
1.10908 1.46782 1.917
1.1106 1.46719 1.917
1.11252 1.46534 1.905
1.11405 1.46172 1.898
1.11841 1.45536 1.898
1.12033 1.44959 1.898
1.12053 1.44681 1.892
1.12113 1.44927 1.892
1.12882 1.44887 1.89
1.13494 1.45171 1.89
1.1394 1.45562 1.89
1.12522 1.46132 1.879
1.11268 1.46772 1.879
1.10063 1.47421 1.879
1.08765 1.4798 1.879
1.07547 1.49099 1.868
1.06637 1.49884 1.868
1.06056 1.5046 1.867
1.05507 1.50782 1.867
1.04909 1.51305 1.866
1.04232 1.52087 1.866
1.03318 1.5312 1.856
1.02472 1.53833 1.856
1.01726 1.5432 1.856
1.00744 1.54643 1.856
0.996548 1.5465 1.856
0.984255 1.54708 1.856
0.970728 1.54644 1.841
0.952447 1.54658 1.841
0.933885 1.54697 1.835
0.915544 1.54076 1.835
0.897699 1.54037 1.823
0.880044 1.53692 1.823
0.863155 1.52544 1.81
0.849921 1.51849 1.81
0.836815 1.51702 1.806
0.82342 1.50985 1.806
0.806664 1.50284 1.797
0.781778 1.49614 1.797
0.757198 1.48919 1.797
0.734919 1.48418 1.797
0.704686 1.4807 1.792
0.673722 1.47835 1.792
0.642317 1.47876 1.79
0.609211 1.48092 1.79
0.57264 1.48255 1.79
0.538717 1.48402 1.78
0.503882 1.48392 1.78
0.470638 1.48371 1.78
0.44083 1.48479 1.78
0.411707 1.48542 1.78
0.382525 1.48362 1.777
0.359438 1.48116 1.764
0.341107 1.47846 1.764
0.32686 1.48304 1.749
0.31356 1.48988 1.749
0.299668 1.49945 1.742
0.284507 1.51005 1.742
0.259689 1.5172 1.742
0.237561 1.52591 1.742
0.214882 1.53349 1.748
0.189725 1.53782 1.748
0.163626 1.53973 1.748
0.138044 1.54116 1.748
0.113241 1.54043 1.742
0.08908 1.54084 1.742
0.0668418 1.54248 1.742
0.0481611 1.5477 1.742
0.0330131 1.55495 1.742
0.0169396 1.56062 1.742
-0.0016898 1.56362 1.743
-0.0196028 1.56564 1.743
-0.0376713 1.56816 1.743
-0.0560097 1.57111 1.743
-0.0710717 1.56915 1.743
-0.0850679 1.56925 1.743
-0.0981825 1.56904 1.744
-0.108932 1.56842 1.744
-0.119674 1.56982 1.753
-0.132001 1.57101 1.753
-0.142256 1.56867 1.757
-0.151612 1.56603 1.757
-0.160238 1.56303 1.757
-0.165853 1.55907 1.757
-0.170775 1.55297 1.761
-0.177986 1.54709 1.761
-0.181342 1.5405 1.761
-0.181332 1.53208 1.761
-0.180513 1.52397 1.773
-0.181385 1.51824 1.773
-0.181005 1.50993 1.766
-0.178948 1.49789 1.774
-0.177909 1.48606 1.774
-0.180681 1.47855 1.774
-0.18604 1.47305 1.774
-0.188694 1.46706 1.776
-0.189052 1.45916 1.776
-0.189624 1.44979 1.782
-0.191491 1.43884 1.782
-0.193368 1.42614 1.782
-0.196471 1.41224 1.782
-0.202858 1.39716 1.783
-0.211147 1.38578 1.783
-0.218289 1.37613 1.785
-0.22321 1.36648 1.785
-0.226407 1.35704 1.798
-0.22973 1.34583 1.798
-0.235752 1.33303 1.798
-0.244579 1.31921 1.798
-0.251973 1.30419 1.801
-0.255645 1.2861 1.801
-0.260306 1.27145 1.803
-0.265268 1.25635 1.803
-0.270181 1.2398 1.803
-0.274653 1.2257 1.803
-0.277895 1.21336 1.808
-0.274757 1.20019 1.808
-0.270552 1.18604 1.8
-0.265341 1.16981 1.8
-0.261884 1.15137 1.808
-0.260481 1.13188 1.808
-0.261703 1.11368 1.803
-0.262333 1.09892 1.803
-0.262867 1.08722 1.803
-0.263237 1.07359 1.803
-0.262574 1.06084 1.81
-0.264055 1.04847 1.81
-0.267261 1.03778 1.81
-0.269462 1.02682 1.81
-0.271912 1.01714 1.81
-0.273219 1.0027 1.81
-0.276064 0.990495 1.822
-0.280001 0.980311 1.822
-0.285773 0.972014 1.822
-0.287454 0.964024 1.822
-0.285566 0.956699 1.814
-0.283528 0.947884 1.814
-0.281982 0.939552 1.814
-0.280325 0.929858 1.814
-0.275617 0.918437 1.814
-0.270947 0.908196 1.823
-0.266766 0.899993 1.823
-0.258782 0.908424 1.823
-0.250558 0.9158 1.823
-0.243297 0.897764 1.823
-0.236062 0.87849 1.823
-0.228347 0.860462 1.823
-0.21848 0.840663 1.823
-0.209217 0.819142 1.823
-0.202181 0.801093 1.823
-0.196807 0.769388 1.825
-0.189709 0.736029 1.825
-0.180276 0.704507 1.825
-0.169023 0.691951 1.825
-0.160938 0.677179 1.839
-0.154214 0.660309 1.839
-0.142836 0.640732 1.847
-0.129799 0.623564 1.847
-0.120266 0.605177 1.851
-0.114168 0.584753 1.851
-0.105551 0.565573 1.861
-0.094301 0.547751 1.861
-0.0856196 0.531853 1.871
-0.0813002 0.51621 1.871
-0.0779229 0.499468 1.879
-0.0718826 0.480024 1.879
-0.0638516 0.460708 1.888
-0.0573671 0.44311 1.888
-0.0532404 0.426067 1.889
-0.0471077 0.409135 1.902
-0.0369787 0.392283 1.902
-0.0216738 0.376006 1.906
-0.00228491 0.36052 1.906
0.0160528 0.346676 1.912
0.0325087 0.328966 1.912
0.0463535 0.31197 1.931
0.0555506 0.29608 1.931
0.0591736 0.284709 1.931
0.0622149 0.273683 1.931
0.0667969 0.264474 1.931
0.0725929 0.257096 1.931
0.0802893 0.249391 1.93
0.0907988 0.244741 1.93
0.101335 0.242194 1.93
0.111149 0.239729 1.93
0.119197 0.239541 1.93
0.124186 0.23734 1.93
0.1277 0.236825 1.931
0.131446 0.235485 1.931
0.133733 0.236206 1.931
0.134841 0.234726 1.931
0.135227 0.235613 1.931
0.137872 0.235899 1.931
0.142491 0.233213 1.931
0.148594 0.231326 1.931
0.157811 0.227182 1.935
0.167955 0.223634 1.935
0.17707 0.223546 1.931
0.178132 0.222971 1.931
0.178325 0.222875 1.925
0.179513 0.220389 1.925
0.183112 0.218176 1.918
0.192086 0.218679 1.918
0.201865 0.216014 1.916
0.211286 0.21892 1.916
0.219608 0.224708 1.918
0.221963 0.231032 1.918
0.221068 0.23548 1.916
0.240997 0.241472 1.914
0.263078 0.242243 1.914
0.288498 0.242822 1.914
0.321896 0.243204 1.914
0.354579 0.241749 1.917
0.386886 0.239788 1.917
0.419196 0.238226 1.917
0.451842 0.239881 1.917
0.480337 0.242332 1.917
0.505273 0.244564 1.91
0.530045 0.245471 1.91
0.554548 0.245123 1.91
0.578946 0.244156 1.908
0.601705 0.241373 1.908
0.625093 0.239032 1.91
0.650107 0.237699 1.91
0.674513 0.238143 1.907
0.699707 0.2388 1.907
0.723027 0.239179 1.898
0.745168 0.237638 1.898
0.766177 0.240475 1.898
0.782758 0.243521 1.898
0.795384 0.244864 1.895
0.807374 0.245954 1.895
0.819473 0.247057 1.898
0.832008 0.245584 1.898
0.844884 0.242445 1.895
0.860775 0.23488 1.895
0.877174 0.229048 1.886
0.89531 0.223781 1.886
0.91459 0.221146 1.879
0.932651 0.214424 1.879
0.949941 0.206631 1.875
0.965017 0.201097 1.875
