0.111033 -0.0417266 0.271503 0.111035 -0.0417293 0.2715 0.111035 -0.0417293 0.2715 0.11103 -0.041725 0.271506 0.111032 -0.0417261 0.271499 0.111032 -0.0417261 0.271499 0.111031 -0.0417284 0.271504 0.111031 -0.0417284 0.271504 0.111032 -0.0417257 0.271512 0.111031 -0.0417301 0.271506 0.111031 -0.0417301 0.271506 0.11103 -0.0417304 0.2715 0.11103 -0.0417304 0.2715 0.111031 -0.0417281 0.271502 0.111034 -0.0417233 0.271512 0.111034 -0.0417233 0.271512 0.111029 -0.0417251 0.271506 0.111029 -0.0417251 0.271506 0.111031 -0.0417324 0.271497 0.111035 -0.0417285 0.27151 0.111035 -0.0417285 0.27151 0.111031 -0.0417223 0.271506 0.111031 -0.0417223 0.271506 0.111036 -0.041731 0.271504 0.111033 -0.0417302 0.271502 0.111033 -0.0417302 0.271502 0.111031 -0.0417247 0.271503 0.111031 -0.0417247 0.271503 0.111036 -0.041726 0.271512 0.111032 -0.0417238 0.271497 0.111032 -0.0417238 0.271497 0.111032 -0.0417271 0.271509 0.111032 -0.0417271 0.271509 0.111038 -0.0417265 0.271506 0.111033 -0.0417299 0.271503 0.111033 -0.0417299 0.271503 0.111032 -0.0417283 0.271495 0.111032 -0.0417283 0.271495 0.111037 -0.0417257 0.271507 0.111035 -0.0417276 0.271509 0.111035 -0.0417276 0.271509 0.111031 -0.0417261 0.271504 0.111031 -0.0417261 0.271504 0.111033 -0.0417303 0.271502 0.111047 -0.0417249 0.271506 0.111047 -0.0417249 0.271506 0.111035 -0.0417249 0.27151 0.111035 -0.0417249 0.27151 0.111036 -0.0417235 0.271509 0.111033 -0.0417256 0.271503 0.111033 -0.0417256 0.271503 0.111032 -0.0417268 0.271508 0.111032 -0.0417268 0.271508 0.111035 -0.0417269 0.271504 0.111032 -0.0417259 0.271499 0.111032 -0.0417259 0.271499 0.111032 -0.0417214 0.271498 0.111032 -0.0417214 0.271498 0.111033 -0.0417265 0.271499 0.111032 -0.0417302 0.271502 0.111032 -0.0417302 0.271502 0.111032 -0.041732 0.2715 0.111032 -0.041732 0.2715 0.111032 -0.0417229 0.271507 0.111031 -0.041726 0.271507 0.111031 -0.041726 0.271507 0.11103 -0.041726 0.271502 0 0 0
0.111033 -0.0417279 0.271508 0 0 0
0.111032 -0.0417291 0.271502 0 0 0
0 0 0
0.11103 -0.041725 0.271502 0 0 0
0.111031 -0.0417313 0.271506 0 0 0
0.11103 -0.0417364 0.271502 0 0 0
0.111038 -0.041729 0.271505 0 0 0
0 0 0
0.111032 -0.0417261 0.271505 0 0 0
0.111032 -0.0417326 0.271504 0 0 0
0.111031 -0.041733 0.271498 0 0 0
0.11103 -0.0417242 0.2715 0 0 0
0.111026 -0.041731 0.271493 0 0 0
0.111026 -0.0417313 0.271494 0 0 0
0.111031 -0.0417278 0.271506 0 0 0
0.11103 -0.0417252 0.271509 0 0 0
0.111031 -0.0417273 0.27149 0 0 0
0.111027 -0.0417289 0.2715 0 0 0
0 0 0
0.111052 -0.0417029 0.271528 0 0 0
0.111066 -0.0417121 0.271536 0 0 0
0.111056 -0.0416839 0.271539 0 0 0
0 0 0
0.111054 -0.0416871 0.271518 0 0 0
0.111063 -0.0417032 0.27153 0 0 0
0.111057 -0.041691 0.271525 0 0 0
0.111058 -0.0416907 0.271518 0 0 0
0.111061 -0.0416811 0.27153 0 0 0
0.111059 -0.0416887 0.271527 0 0 0
0.111064 -0.0416894 0.271529 0 0 0
0 0 0
0.111168 -0.0415749 0.27158 0 0 0
0.11116 -0.0415751 0.271584 0 0 0
0.111186 -0.0415616 0.271588 0 0 0
0.111185 -0.0415858 0.271588 0 0 0
0.111178 -0.0415504 0.271591 0 0 0
0.111206 -0.0415427 0.271596 0 0 0
0.1112 -0.0415416 0.27159 0 0 0
0.11118 -0.0415504 0.271579 0 0 0
0.111161 -0.0415833 0.271577 0 0 0
0.111183 -0.0415498 0.271588 0 0 0
0.111187 -0.0415586 0.271587 0 0 0
0.111181 -0.0415575 0.271589 0 0 0
0.111207 -0.0415482 0.271595 0 0 0
0.111205 -0.0415497 0.271599 0 0 0
0.111187 -0.0415485 0.271589 0 0 0
0.111204 -0.0415356 0.271605 0 0 0
0.111198 -0.0415464 0.271594 0 0 0
0 0 0
0.111198 -0.0415519 0.27159 0 0 0
0.111212 -0.041521 0.271613 0 0 0
0.111208 -0.0415227 0.271589 0 0 0
0.11123 -0.0415143 0.271598 0 0 0
0.111219 -0.0415226 0.271599 0 0 0
0.111218 -0.0415171 0.271603 0 0 0
0 0 0
0.11121 -0.0415522 0.271589 0 0 0
0.111222 -0.0415362 0.271589 0 0 0
0.111183 -0.041547 0.27159 0 0 0
0.111221 -0.041532 0.271593 0 0 0
0.111204 -0.0415459 0.271587 0 0 0
0.111194 -0.0415363 0.271591 0 0 0
0.111198 -0.0415377 0.271592 0 0 0
0 0 0
0.111207 -0.0415314 0.271586 0 0 0
0.111225 -0.0415278 0.271587 0 0 0
0.111206 -0.0415243 0.271596 0 0 0
0.11124 -0.0415036 0.271615 0 0 0
0.111222 -0.0414752 0.271643 0 0 0
0.111401 -0.0413838 0.271694 0 0 0
0.111357 -0.041349 0.271748 0 0 0
0.111474 -0.0412612 0.271827 0 0 0
0.111671 -0.0410911 0.271946 0 0 0
0.111976 -0.0408508 0.272191 0 0 0
0.112113 -0.0408153 0.27271 0 0 0
0.115464 -0.0413132 0.281978 0 0 0
0.128695 -0.040081 0.331086 0 0 0
0.167369 -0.0385879 0.451171 0 0 0
0.223494 -0.0374323 0.601096 0 0 0
0.292131 -0.0375768 0.761551 0 0 0
0.377555 -0.0391412 0.949755 0 0 0
0.456251 -0.0415452 1.12412 0.0419989 -0.00856419 0.917 0.0419989 -0.00856419 0
0.0836413 -0.011173 1.156 0.531637 -0.0442956 1.29779 0.0836413 -0.011173 0
0.603165 -0.0473068 1.44303 0.125284 -0.0137819 0
0.169052 -0.0295259 1.414 0.663144 -0.0495436 1.52214 0.738819 0.072103 1.44886
0.723256 -0.0515486 1.57139 0.20507 -0.00849851 1.414 0.870503 0.0551952 1.70314
0.772118 -0.0532627 1.59974 0.919264 0.0468272 1.73878
0.26998 0.0040851 1.678 0.812982 -0.0546965 1.62058 0.956801 0.0279792 1.7655
0.848644 -0.0560956 1.63862 0.97694 0.0428797 1.76
0.281007 0.0147693 1.731 0.875626 -0.057109 1.65455 1.01538 0.028686 1.80445
0.893685 -0.0577181 1.66983 1.03754 0.0210145 1.80817
0.26868 0.0219101 1.753 0.904677 -0.0580615 1.68558 1.02522 0.0281552 1.80817
0.907873 -0.0580247 1.70151 1.01289 0.035296 1.80817
0.286804 0.0578515 1.803 1.00792 0.045722 1.81424
0.902099 -0.0575773 1.73454 0.280689 0.0737704 1.814 1.00181 0.0616409 1.81424
0.898044 -0.0574759 1.75363 0.995689 0.0775598 1.81424
0.239327 0.0622922 1.849 0.896525 -0.0573981 1.77244 1.05968 0.0871484 1.68227
1.05525 0.0993239 1.67129
0.905593 -0.0582914 1.8101 0.269603 0.0822394 1.886 1.0619 0.0952166 1.68263
0.913364 -0.0597848 1.82774 1.07227 0.109049 1.69737
0.316405 0.112919 1.922 0.923083 -0.0617172 1.84641 1.11907 0.139729 1.69737
0.931957 -0.0645516 1.86637 0.324583 0.0942652 1.941 1.12725 0.121075 1.69737
0.939165 -0.0675326 1.88615 0.319159 0.088715 1.955 1.12183 0.115525 1.69737
0.946929 -0.0702249 1.90801 1.1164 0.109975 1.69737
0.328087 0.115838 1.981 0.953977 -0.0716556 1.93446 1.24027 0.0923811 1.65951
0.322354 0.118358 2.024 0.959852 -0.0722272 1.96254 1.25008 0.0818342 1.68895
0.964539 -0.0715837 1.9904 1.25926 0.0679332 1.72324
0.327305 0.111006 2.079 0.967205 -0.0717911 2.01318 1.26052 0.0692514 1.76542
0.967339 -0.0732741 2.02509 0.343814 0.0911413 2.101 1.27702 0.0493868 1.76542
0.964286 -0.074701 2.01731 0.359573 0.0854867 2.121 1.29278 0.0437322 1.76542
0.957539 -0.0759254 1.98772 1.30854 0.0380776 1.76542
0.347643 0.00650752 2.112 0.947158 -0.0756843 1.95948 1.27452 0.0242063 1.66909
0.932767 -0.0718581 1.95021 0.330643 0.00125718 2.068 1.25752 0.018956 1.66909
0.917265 -0.0641829 1.95581 0.329011 -0.00678832 2.068 1.25589 0.0109105 1.66909
0.903994 -0.0521783 1.96845 1.25425 0.00286497 1.66909
0.239275 0.0174615 2.054 0.894444 -0.0374695 1.98458 1.16452 0.0271148 1.66909
0.892093 -0.0205685 2.00311 0.204803 0.0392969 2.07 1.12944 0.0581021 1.73708
0.89754 -0.00516189 2.0227 0.189769 0.0678535 2.079 1.13378 0.0712737 1.716
0.910536 0.00718696 2.04286 0.189659 0.0632459 2.102 1.14538 0.0765343 1.7407
0.928936 0.0163939 2.06264 0.189743 0.0719387 2.117 1.15794 0.0789344 1.74762
0.950464 0.0233892 2.08346 0.219368 0.0630537 2.131 1.17613 0.093103 1.74938
0.97455 0.0294773 2.1066 0.291971 0.0920458 2.16 1.19433 0.0809505 1.7745
0.995142 0.033082 2.12873 0.312001 0.104365 2.189 1.21578 0.0913294 1.77559
0.322934 0.139334 2.209 1.01169 0.034632 2.14938 1.2302 0.0883097 1.82425
1.02483 0.032699 2.16904 0.330804 0.147819 2.245 1.32213 0.0779016 2.05453
0.350928 0.143737 2.252 1.03787 0.0265847 2.18932 1.34226 0.0738201 2.05453
0.359388 0.142252 2.266 1.05162 0.0166117 2.21063 1.35072 0.0723351 2.05453
1.06804 0.00322661 2.23248 0.381434 0.116728 2.298 1.37276 0.0468107 2.05453
1.08701 -0.010981 2.25448 1.42318 -0.00332052 2.12062
0.3995 0.183995 2.341 1.10787 -0.0248912 2.2763 1.52473 0.01267 2.27194
1.13109 -0.0393711 2.2937 0.431919 0.191436 2.355 1.46717 -0.0369481 2.16091
1.15358 -0.0539513 2.28459 0.449296 0.175839 2.386 1.47586 -0.0405088 2.1517
1.17778 -0.0720949 2.22605 0.502943 0.180882 2.386 1.47993 -0.0616923 2.12217
1.20047 -0.0906129 2.12879 0.538582 0.15111 2.333 1.56592 -0.0491696 2.15284
0.562747 0.143553 2.282 1.22375 -0.111648 2.02863 1.54831 -0.0408848 2.07661
1.25192 -0.136694 1.93451 1.59339 -0.100589 2.09241
0.593734 0.141031 2.107 1.28301 -0.161985 1.85817 1.62438 -0.103111 2.09241
1.31757 -0.180539 1.79125 1.65536 -0.105632 2.09241
0.664143 0.11358 1.908 1.35395 -0.191917 1.73046 1.58384 -0.136486 1.72149
1.39351 -0.194181 1.67199 1.65965 -0.189341 1.85931
0.745475 0.10108 1.762 1.43841 -0.191869 1.60992 1.59552 -0.109103 1.58585
1.48895 -0.185698 1.54504 1.67686 -0.121604 1.58585
0.801265 0.158581 1.662 1.73265 -0.0641022 1.58585
1.59228 -0.175835 1.45205 0.838091 0.153893 1.6 1.76947 -0.0687905 1.58585
1.8063 -0.0734787 1.58585
1.69409 -0.173791 1.40551 0.953757 0.147008 1.525 1.92196 -0.0803638 1.58585
1.74416 -0.17413 1.3894 2.03763 -0.087249 1.58585
1.02679 0.132301 1.485 2.11066 -0.101955 1.58585
1.82737 -0.167604 1.36997 1.06347 0.151806 1.472 2.14734 -0.0824511 1.58585
1.8585 -0.159594 1.36441 1.08606 0.154705 1.461 2.16993 -0.0795518 1.58585
1.88415 -0.14954 1.36167 1.10782 0.168073 1.46 2.19169 -0.0661837 1.58585
1.90661 -0.138118 1.36388 1.11142 0.171058 1.457 2.19529 -0.0631986 1.58585
1.92482 -0.127406 1.37086 1.13888 0.158663 1.454 2.22275 -0.0755942 1.58585
1.93994 -0.117348 1.3803 1.13895 0.151901 1.459 2.22282 -0.0823554 1.58585
1.9537 -0.107605 1.39115 2.22289 -0.0891166 1.58585
1.15036 0.131317 1.469 1.96712 -0.0967024 1.40261 2.2343 -0.109701 1.58585
1.98023 -0.0838676 1.4151 2.24572 -0.130285 1.58585
1.16598 0.173113 1.497 1.99129 -0.0689949 1.42778 2.26133 -0.0884887 1.58585
2.00036 -0.0529134 1.44135 1.17233 0.182583 1.513 2.26769 -0.0790191 1.58585
2.00741 -0.0359087 1.45607 1.18126 0.193634 1.528 2.27661 -0.0679683 1.58585
2.01157 -0.0188015 1.47132 1.18653 0.205457 1.546 2.28188 -0.0561452 1.58585
2.01285 -0.00162351 1.48704 1.95291 0.0264727 1.376
1.17071 0.250365 1.573 2.01075 0.0149225 1.50229 1.95969 0.0432573 1.35833
2.00524 0.030008 1.51666 1.94757 0.0609994 1.36738
1.16786 0.283914 1.597 1.99674 0.0449737 1.53111 1.95066 0.0579462 1.36566
1.9843 0.0595311 1.54474 1.14882 0.286736 1.611 1.94456 0.0903848 1.37163
1.96986 0.0716294 1.55665 1.13601 0.267176 1.634 1.9195 0.0620386 1.39959
1.95424 0.0811137 1.56895 1.9036 0.0809624 1.39237
1.12694 0.265975 1.65 1.93649 0.0882361 1.58213 1.89453 0.0797618 1.39237
1.91993 0.0930873 1.59431 1.11947 0.260204 1.665 1.88706 0.0739903 1.39237
1.9016 0.0992001 1.60649 1.11543 0.239886 1.673 1.88302 0.0536729 1.39237
1.88328 0.109384 1.61738 1.1063 0.214178 1.69 1.87389 0.0279642 1.39237
1.86659 0.129444 1.62815 1.09946 0.225835 1.708 1.8416 0.0360032 1.43557
1.85117 0.161844 1.63934 1.83476 0.0476606 1.43557
1.05911 0.28784 1.716 1.83771 0.210991 1.65059 1.79441 0.109665 1.43557
1.02037 0.336356 1.735 1.82731 0.271202 1.66086 1.75567 0.158182 1.43557
1.82161 0.333659 1.67168 1.0053 0.365748 1.747 1.7284 0.340425 1.36141
1.81951 0.400594 1.68573 1.71332 0.369816 1.36141
0.953967 0.459413 1.764 1.8224 0.466715 1.70097 1.66199 0.463482 1.36141
1.82923 0.528108 1.71429 1.61066 0.557148 1.36141
0.987866 0.606933 1.783 1.83979 0.592482 1.72621 1.64456 0.704667 1.36141
1.85061 0.645618 1.73508 1.67845 0.852187 1.36141
0.970965 0.684358 1.817 1.66155 0.929612 1.36141
1.87162 0.738126 1.75129 1.64465 1.00704 1.36141
0.97086 0.774463 1.822 1.88268 0.771409 1.75703 1.64455 1.09714 1.36141
1.64444 1.18725 1.36141
1.91492 0.808748 1.7674 1.02598 0.822634 1.837 1.69957 1.23542 1.36141
1.9343 0.808001 1.7739 1.74607 0.883194 1.584
1.03628 0.829729 1.843 1.95652 0.801075 1.78181 1.78194 0.912854 1.59333
1.98147 0.795534 1.78991 1.05851 0.813594 1.857 1.80417 0.89672 1.59333
2.00865 0.801374 1.79798 1.06897 0.782133 1.863 1.81463 0.865259 1.59333
2.03662 0.826293 1.80659 1.08307 0.785414 1.863 1.88429 0.889096 1.57437
2.06398 0.871013 1.8148 1.09442 0.821854 1.871 1.90615 0.920515 1.60046
2.08771 0.933241 1.82002 1.92696 0.983734 1.55615
1.09481 0.953924 1.887 2.10761 1.00547 1.82168 1.93754 1.04669 1.5358
2.1246 1.08321 1.82068 1.08679 1.02543 1.888 2.04898 1.11663 1.65474
2.13855 1.15003 1.81906 1.07777 1.07351 1.888 2.05632 1.17964 1.58824
2.1525 1.20923 1.81749 2.04729 1.22771 1.58824
1.09463 1.14396 1.885 2.1653 1.26139 1.81468 2.06415 1.29816 1.58824
1.10576 1.18312 1.882 2.17752 1.30697 1.81169 2.07528 1.33732 1.58824
2.18734 1.34479 1.80854 1.13601 1.20661 1.878 2.10553 1.36081 1.58824
2.19387 1.37857 1.80646 1.13944 1.24305 1.879 2.10897 1.39725 1.58824
2.19798 1.40344 1.80797 2.11241 1.4337 1.58824
1.13366 1.30466 1.892 2.19886 1.4234 1.81381 2.1342 1.68188 1.60544
2.19768 1.43484 1.8215 1.14312 1.30344 1.867 2.12592 1.71295 1.68142
2.19482 1.44123 1.82976 2.13033 1.70404 1.60735
1.17225 1.32852 1.87 2.1893 1.4446 1.837 2.20175 1.69512 1.65204
2.18146 1.44604 1.84241 2.23089 1.7202 1.65204
1.10088 1.34728 1.897 2.16967 1.44723 1.84601 2.15951 1.73896 1.65204
1.07497 1.36475 1.909 2.15376 1.44794 1.849 2.13361 1.75643 1.65204
2.13585 1.44933 1.85231 1.06979 1.34353 1.911 2.12842 1.73521 1.65204
2.11394 1.45254 1.85822 1.07613 1.30939 1.912 2.13477 1.70107 1.65204
2.08676 1.46131 1.86916 1.06283 1.30348 1.916 2.12147 1.69516 1.65204
2.0532 1.47644 1.88399 2.10817 1.68925 1.65204
0.983803 1.33509 1.946 2.01143 1.50001 1.9021 2.02914 1.72086 1.65204
1.96321 1.52925 1.92118 0.932629 1.36074 1.968 1.97797 1.74651 1.65204
1.91305 1.56055 1.93895 1.92679 1.77216 1.65204
0.892539 1.39988 1.988 1.85688 1.5947 1.95463 1.65061 1.91925 1.80371
1.80055 1.62736 1.96642 1.61052 1.9584 1.80371
0.783493 1.39986 2.029 1.7431 1.65747 1.97796 1.50148 1.95837 1.80371
1.68387 1.68479 1.99195 1.34617 2.049 1.86473
0.709432 1.42228 2.066 1.61343 1.71386 2.0095 1.3054 2.05397 1.77013
1.54605 1.74092 2.02772 1.24859 2.0806 1.80097
0.611695 1.43214 2.085 1.48303 1.76653 2.04681 1.15085 2.09046 1.80097
1.42648 1.78937 2.0677 1.05312 2.10032 1.80097
0.522429 1.45924 2.122 1.38409 1.80574 2.08652 0.831285 2.26517 2.28322
1.34682 1.81494 2.10422 0.817526 2.27494 2.30118
0.458243 1.47784 2.145 1.31459 1.8167 2.11915 0.758128 2.22736 2.20651
0.428535 1.48715 2.187 1.28359 1.81151 2.13292 0.737632 2.21879 2.21718
1.25099 1.80087 2.14467 0.699387 2.23774 2.14591
0.32061 1.45536 2.187 1.21351 1.78697 2.15656 0.585795 2.1848 2.03408
1.16552 1.7704 2.16758 0.314073 1.44917 2.22 0.571994 2.15901 2.0407
0.274689 1.43843 2.241 1.10823 1.75538 2.1745 0.525722 2.13585 2.05194
1.03828 1.74128 2.17658 0.240593 1.41844 2.241 0.492377 2.11968 2.04259
0.954305 1.72915 2.17473 0.178781 1.38488 2.266 0.432996 2.12416 2.03298
0.859199 1.71874 2.1708 0.106666 1.35721 2.249 0.360881 2.09649 2.03298
0.74948 1.7095 2.1661 0.0210784 1.33478 2.243 0.275294 2.07406 2.03298
0.651061 1.70348 2.16143 -0.0345497 1.30529 2.225 0.0742792 1.98802 1.99844
0.561203 1.69997 2.15689 -0.0974132 1.28595 2.219 0.0191401 1.98825 2.00298
0.48278 1.70012 2.15128 -0.155944 1.26418 2.213 -0.127915 1.96457 1.93385
-0.200802 1.28106 2.213 0.416146 1.70384 2.14493 -0.192957 2.02963 1.98958
0.359842 1.70999 2.13757 -0.25739 1.29641 2.205 -0.15695 1.98354 1.97797
-0.320391 1.28778 2.198 0.315807 1.71652 2.12997 -0.270505 2.03877 1.96781
0.277261 1.72312 2.12058 -0.338839 1.28281 2.19 -0.444039 2.04016 1.81501
0.253315 1.72767 2.11244 -0.459302 2.03628 1.81585
-0.359255 1.31472 2.168 0.231959 1.7319 2.10201 -0.459381 2.04377 1.76155
0.207804 1.73711 2.08812 -0.479797 2.07568 1.76155
-0.391775 1.3508 2.156 0.170022 1.74269 2.07194 -0.512317 2.11176 1.76155
0.115986 1.74773 2.05718 -0.444464 1.35953 2.156 -0.686077 2.21079 1.94418
0.0387277 1.7497 2.0453 -0.505679 1.34208 2.135 -0.753278 2.21747 1.94205
-0.0576383 1.74287 2.03594 -0.58533 1.335 2.11 -0.819483 2.21721 1.93771
-0.149412 1.72637 2.02732 -0.901423 2.20987 1.91339
-0.704913 1.29816 2.097 -0.241705 1.69586 2.01888 -1.02101 2.17303 1.91339
-0.742702 1.23332 2.09 -0.320655 1.65502 2.01031 -1.0588 2.10819 1.91339
-0.363335 1.62634 2.00528 -1.2797 1.99206 1.79467
-0.802168 1.13475 2.077 -0.363335 1.62634 2.00528 -1.32685 1.92481 1.80026
-0.400995 1.59623 2.00073 -0.828998 1.11867 2.064 -1.35368 1.90872 1.80026
-0.400995 1.59623 2.00073 -0.811449 1.08474 2.042 -1.33613 1.87479 1.80026
-0.471703 1.50994 1.9916 -1.50809 1.81273 2.17091
-0.795312 1.03637 2.048 -0.482086 1.43139 1.98591 -1.49144 1.77576 2.14091
-0.449781 1.35591 1.97987 -0.776475 1.01702 2.042 -1.48174 1.74559 2.13646
-1.4629 1.72624 2.13646
-0.402831 1.28295 1.9812 -0.7172 0.968536 2.043 -1.40363 1.67775 2.13646
-0.375506 1.24844 1.98302 -0.688113 0.950448 2.043 -1.37454 1.65967 2.13646
-0.34674 1.21449 1.9855 -1.34545 1.64158 2.13646
-0.627334 0.905792 2.057 -0.322321 1.18642 1.98833 -1.22329 1.42272 1.7881
-0.298018 1.16003 1.99214 -0.604422 0.888448 2.061 -1.26409 1.406 2.03301
-0.277196 1.13594 1.99616 -1.18107 1.38012 1.783
-0.568773 0.897945 2.066 -0.261997 1.11475 1.99956 -1.16675 1.35229 1.82797
-0.251455 1.0913 2.00362 -0.531511 0.861247 2.074 -1.1572 1.34797 1.78809
-0.24754 1.06661 2.0081 -0.519934 0.845474 2.076 -1.143 1.31568 1.81697
-0.25022 1.03643 2.01483 -1.13142 1.2999 1.81697
-0.500424 0.765277 2.083 -0.257778 1.00177 2.02176 -1.11191 1.21971 1.81697
-0.4986 0.726068 2.098 -0.26797 0.967246 2.02596 -1.11009 1.1805 1.81697
-0.282035 0.927822 2.02792 -0.510905 0.701848 2.101 -1.12239 1.15628 1.81697
-0.297187 0.886684 2.02947 -1.1347 1.13206 1.81697
-0.500764 0.648108 2.108 -0.312619 0.84334 2.03186 -1.12455 1.07832 1.81697
-0.32642 0.797137 2.03474 -0.514508 0.626987 2.1 -1.1383 1.0572 1.81697
-1.07931 0.859969 1.7485
-0.500039 0.558048 2.11 -0.337744 0.696941 2.04145 -1.08546 0.813961 1.69587
-0.333418 0.643005 2.04447 -0.483992 0.505692 2.11 -1.09637 0.698178 1.92812
-1.09233 0.65264 1.91398
-0.298606 0.534665 2.04841 -0.415788 0.455515 2.122 -1.08612 0.598807 1.91342
-0.272999 0.4895 2.04914 -1.01792 0.54863 1.91342
-0.35525 0.395598 2.123 -0.246114 0.448691 2.05084 -0.957381 0.488713 1.91342
-0.217711 0.409983 2.05576 -0.325012 0.370685 2.123 -0.899419 0.31976 1.9481
-0.192717 0.376892 2.0627 -0.300845 0.359844 2.123 0-0.908742 -0.0791492 0.94688
-0.169752 0.345877 2.0711 -0.859835 0.244294 1.97477
-0.20819 0.334449 2.125 -0.149369 0.319891 2.07964 -0.838804 0.143133 1.7814
-0.130738 0.295139 2.08985 -0.83033 0.138789 1.82916
-0.201054 0.282182 2.151 -0.115278 0.275605 2.10009 -0.817834 0.114571 1.7908
-0.173535 0.260022 2.171 -0.0999356 0.256666 2.1111 -0.806413 0.0954608 1.80748
-0.0843549 0.238717 2.12277 -0.799829 0.0673924 1.76548
-0.155752 0.218095 2.189 -0.0690557 0.225428 2.13375 -0.77633 0.0787309 1.87646
-0.0523917 0.214256 2.14369 -0.153025 0.255744 2.206 -0.775936 0.0673493 1.83571
-0.0313319 0.204129 2.1518 -0.759813 0.0411917 1.82587
-0.11615 0.204343 2.231 -0.00567063 0.194996 2.15747 -0.748584 0.0582256 1.84261
-0.0930847 0.208812 2.231 0.0311494 0.185741 2.16065 -0.733989 0.0567814 1.85678
0.0756588 0.176828 2.16056 -0.7084 0.0458139 1.84352
-0.0179464 0.181191 2.23 0.129094 0.167023 2.15829 -0.678843 0.0229916 1.82857
-0.624605 0.0223982 1.86512
0.256629 0.149374 2.15313 0.0494291 0.16932 2.231 -0.557229 0.0105279 1.86512
0.28524 0.146393 2.15236 -0.489854 -0.00134233 1.86512
0.0597366 0.169068 2.231 0.0646969 0.168834 2.231 0.28524 0.146393 2.15236 0.288878 0.146002 2.15221 0.288878 0.146002 2.15221 0.292567 0.145633 2.15218 -0.646613 -0.0362655 1.95954
0.366745 0.139255 2.15101 0.122101 0.163728 2.231 -0.589209 -0.0413714 1.95954
0.441794 0.136593 2.14906 0.168348 0.180003 2.218 -0.542963 -0.0250958 1.95954
-0.0210864 -0.0230627 2.17917
0.590642 0.138173 2.1421 0.320052 0.122983 2.216 0.111423 -0.0258316 1.97336
0.666261 0.14155 2.13757 0.38154 0.149198 2.214 0.156358 -0.016767 1.91337
0.740741 0.145297 2.13355 0.430459 0.18128 2.217 0.212085 -0.00920918 1.93179
0.816518 0.147263 2.12913 0.251645 -0.00363948 1.91722
0.526215 0.218298 2.208 0.888792 0.146031 2.12442 0.291871 -0.00213208 1.8639
0.951829 0.140382 2.11944 0.344194 -0.00568206 1.87548
0.61939 0.248872 2.198 1.0126 0.128245 2.11442 0.38315 -0.0119513 1.83995
1.06739 0.11095 2.10954 0.679588 0.230199 2.195 0.427748 -0.0330192 1.88934
0.467142 -0.0551422 1.87683
1.11915 0.0901107 2.10208 0.726601 0.219966 2.198 