[0m[ INFO] [1458731740.222627526]: Starting ZmartImgFusin Node...[0m
0.000399252 -0.000126427 0.493
0.00110127 -0.000477367 0.493
0.00179187 -0.00090996 0.495
0.0023945 -0.00129228 0.495
0.00292869 -0.00159761 0.495
0.00341961 -0.00184101 0.495
0.00394174 -0.00207695 0.494
0.00446031 -0.00228572 0.494
0.00493805 -0.00245518 0.494
0.0054289 -0.00262785 0.494
0.00580714 -0.002729 0.495
0.00625851 -0.00288475 0.495
0.00660955 -0.00297654 0.495
0.00702737 -0.00311825 0.495
0.00735795 -0.00320536 0.495
0.0077429 -0.00333418 0.495
0.00810698 -0.00344853 0.501
0.00841023 -0.00353674 0.501
0.00894945 -0.00374239 0.505
0.00921404 -0.00377365 0.505
0.00932525 -0.00374049 0.501
0.00959624 -0.00381451 0.501
0.00997719 -0.00393024 0.501
0.0102471 -0.00397831 0.501
0.0103681 -0.00395888 0.502
0.0105894 -0.00400711 0.502
0.0107554 -0.00402487 0.496
0.010955 -0.00406444 0.496
0.0111551 -0.00410642 0.496
0.0112601 -0.00410284 0.496
0.0114484 -0.00415117 0.494
0.0116044 -0.00417938 0.494
0.0116423 -0.00415104 0.494
0.0117692 -0.00418129 0.496
0.0118417 -0.00418061 0.496
0.0119585 -0.00420689 0.497
0.0120071 -0.00419724 0.497
0.012115 -0.0042192 0.497
0.0122999 -0.00427908 0.5
0.0123425 -0.00426266 0.5
0.0123918 -0.00426407 0.5
0.0124874 -0.00429524 0.5
0.0125525 -0.00430859 0.5
0.0126197 -0.00432611 0.5
0.0126319 -0.00431596 0.5
0.0127028 -0.00434341 0.5
0.0127818 -0.00437152 0.5
0.0128159 -0.00437851 0.495
0.0128645 -0.00440417 0.495
0.0128908 -0.00441821 0.493
0.012928 -0.00444013 0.493
0.0129443 -0.00444977 0.493
0.0129061 -0.00443087 0.493
0.0129307 -0.00445401 0.493
0.0128898 -0.00443559 0.493
0.012972 -0.00449069 0.493
0.013004 -0.00450606 0.493
0.012989 -0.00449354 0.493
0.0130325 -0.00451025 0.493
0.013043 -0.00450354 0.493
0.0130909 -0.00451807 0.493
0.0131269 -0.004523 0.493
0.013175 -0.00453427 0.493
0.0132094 -0.00453741 0.493
0.0132537 -0.00454682 0.493
0.0132299 -0.00452059 0.493
0.0132112 -0.00450456 0.493
0.0132725 -0.00453143 0.493
0.0133234 -0.00453862 0.493
0.0133667 -0.00453806 0.493
0.0134169 -0.00454004 0.493
0.0134635 -0.00453925 0.493
0.0135107 -0.00453886 0.493
0.0135565 -0.00453799 0.494
0.0136001 -0.00453679 0.494
0.0138756 -0.00464376 0.494
0.0139294 -0.00462679 0.494
0.0141307 -0.00469439 0.494
0.0143071 -0.00475183 0.494
0.0144872 -0.00481481 0.494
0.0146873 -0.00488935 0.494
0.0151938 -0.00511323 0.493
0.0167486 -0.00603391 0.493
0.0159372 -0.00547717 0.493
0.0156909 -0.00533898 0.493
0.0154631 -0.00514789 0.493
0.0153772 -0.00509072 0.493
0.0153336 -0.00509743 0.491
0.0152249 -0.00508365 0.491
0.0152039 -0.00517012 0.491
0.0152676 -0.00532782 0.491
0.0153348 -0.00548005 0.491
0.0154126 -0.00563878 0.491
0.015413 -0.00572976 0.491
0.0155053 -0.00590825 0.491
0.0155733 -0.00608035 0.491
0.0155548 -0.00612643 0.491
0.0155863 -0.00618027 0.491
0.0155841 -0.00618333 0.491
0.015638 -0.00620596 0.491
0.0156133 -0.00616737 0.491
0.0156649 -0.00617176 0.491
0.015728 -0.00617219 0.493
0.0157029 -0.00611953 0.493
0.0158184 -0.00613657 0.493
0.0160084 -0.00610193 0.493
0.0162249 -0.00604168 0.493
0.0164458 -0.00596587 0.493
0.0166197 -0.00586995 0.493
0.0166893 -0.0057468 0.493
0.0167774 -0.00563616 0.493
0.0168573 -0.0055271 0.493
0.0169372 -0.00542195 0.493
0.0170646 -0.00533259 0.493
0.0170775 -0.00522373 0.493
0.0168082 -0.00507878 0.493
0.0166367 -0.00501706 0.493
0.0164508 -0.00495872 0.493
0.0162167 -0.00488237 0.493
0.0160701 -0.00485574 0.493
0.0159151 -0.00481957 0.493
0.0156871 -0.00474566 0.493
0.0155384 -0.00471963 0.493
0.0153967 -0.00469135 0.493
0.0152614 -0.00466117 0.493
0.0150276 -0.00459157 0.493
0.0148818 -0.00459296 0.493
0.0147425 -0.00459548 0.493
0.0145557 -0.00456526 0.493
0.0144241 -0.00457313 0.493
0.0142512 -0.00454771 0.493
0.0141399 -0.00456303 0.493
0.014041 -0.00457723 0.493
0.0139015 -0.00455969 0.493
0.0137776 -0.00456387 0.493
0.0135857 -0.00457928 0.499
0.0133963 -0.00462956 0.499
0.0131616 -0.00463958 0.499
0.0129752 -0.00471001 0.499
0.0128034 -0.00478583 0.499
0.0125895 -0.00480337 0.499
0.0124344 -0.00488875 0.499
0.0122353 -0.00490563 0.499
0.0121207 -0.00502006 0.466
0.012003 -0.00508189 0.466
0.0119035 -0.00511907 0.466
0.0118447 -0.00518318 0.466
0.0118106 -0.0052593 0.466
0.011712 -0.00526301 0.466
0.0116532 -0.00531219 0.433
0.0115582 -0.00531962 0.433
0.0115067 -0.00537342 0.433
0.0114175 -0.00538063 0.433
0.0114253 -0.00548222 0.433
0.0113647 -0.00550011 0.433
0.0113847 -0.0055112 0.433
0.0113823 -0.00546669 0.433
0.0114411 -0.00543981 0.433
0.0115149 -0.0054031 0.433
0.011586 -0.00535487 0.433
0.0116611 -0.00530462 0.433
0.0117319 -0.00525098 0.433
0.0118012 -0.00519739 0.433
0.0119477 -0.00517131 0.433
0.0119995 -0.00508133 0.433
0.0121281 -0.00502175 0.433
0.0121833 -0.00493321 0.438
0.0124158 -0.00491105 0.438
0.012553 -0.00484766 0.438
0.0126318 -0.00476943 0.438
0.012706 -0.00469838 0.438
0.0128182 -0.00464508 0.438
0.0129187 -0.00458937 0.457
0.012965 -0.00453845 0.457
0.0128326 -0.00446005 0.457
0.0127191 -0.0044196 0.457
0.0125534 -0.0043564 0.457
0.0124291 -0.00432223 0.457
0.0123047 -0.00428477 0.457
0.012192 -0.00425216 0.457
0.0120837 -0.00422073 0.457
0.0119808 -0.00419072 0.457
0.0118855 -0.00416349 0.457
0.0118505 -0.00409762 0.457
0.0118594 -0.00408186 0.457
0.0119684 -0.00417145 0.457
0.0120162 -0.00423516 0.457
0.0121391 -0.00438623 0.457
0.0122518 -0.00453319 0.457
0.0123763 -0.00469594 0.457
0.0124961 -0.00485634 0.457
0.0125534 -0.00496281 0.457
0.012671 -0.00513369 0.457
0.012749 -0.00525167 0.457
0.0129855 -0.00534389 0.457
0.0132964 -0.00539946 0.457
0.0135328 -0.00538389 0.457
0.0138433 -0.00538328 0.457
0.0140396 -0.00532849 0.457
0.0143294 -0.00530816 0.457
0.0146664 -0.00529583 0.457
0.0149489 -0.00526184 0.457
0.0150441 -0.00517139 0.434
0.0152443 -0.00515986 0.434
0.0153407 -0.00509059 0.434
0.0153485 -0.00498276 0.434
0.0154162 -0.00487973 0.434
0.0154983 -0.00476931 0.434
0.0154873 -0.00463833 0.434
0.0155577 -0.00452431 0.434
0.0155787 -0.00440354 0.434
0.0156729 -0.00429703 0.434
0.0156303 -0.00417156 0.434
0.0157148 -0.00405769 0.434
0.0157173 -0.00395508 0.434
0.0158467 -0.00390344 0.434
0.0159897 -0.00386869 0.438
0.0160294 -0.00381655 0.438
0.0161729 -0.00380344 0.465
0.0163069 -0.00378929 0.465
0.0166951 -0.00384752 0.465
0.0168646 -0.00383558 0.465
0.0165708 -0.00369454 0.465
0.016633 -0.0036853 0.465
0.0166099 -0.00367732 0.465
0.0166871 -0.00373529 0.465
0.0167732 -0.00380562 0.465
0.0167598 -0.00383689 0.465
0.0170465 -0.00401994 0.465
0.0173555 -0.00419101 0.465
0.0176697 -0.00435448 0.465
0.0177885 -0.00441919 0.465
0.0177263 -0.00444042 0.465
0.017645 -0.00447157 0.465
0.0174919 -0.00445812 0.465
0.0174635 -0.00449828 0.465
0.0173916 -0.00449866 0.465
0.0172203 -0.00444962 0.465
0.0171434 -0.00444498 0.465
0.0170546 -0.00442705 0.465
0.0169306 -0.00439231 0.465
0.0168698 -0.00438407 0.465
0.0167262 -0.00433141 0.465
0.0166479 -0.0043397 0.465
0.0164906 -0.00431738 0.465
0.0164003 -0.00434242 0.465
0.016323 -0.00437366 0.465
0.0162534 -0.00440778 0.465
0.0161862 -0.00444138 0.465
0.0161153 -0.00447043 0.465
0.0159958 -0.004471 0.465
0.0159302 -0.00450587 0.465
0.0158147 -0.00450724 0.465
0.0158497 -0.0045483 0.465
0.0157892 -0.00451822 0.465
0.0158805 -0.00454699 0.465
0.0159172 -0.00453754 0.465
0.0158907 -0.00450186 0.465
0.0159183 -0.00449157 0.465
0.0159307 -0.00447202 0.465
0.0159646 -0.00446134 0.465
0.0159951 -0.0044482 0.465
0.0159049 -0.00438868 0.465
0.0157578 -0.00440457 0.465
0.0155054 -0.0043925 0.465
0.0153092 -0.00445894 0.465
0.0151185 -0.00453133 0.465
0.014937 -0.00460933 0.465
0.0147684 -0.00469433 0.465
0.0145594 -0.00473318 0.465
0.0144114 -0.00482967 0.465
0.0142033 -0.00485215 0.465
0.0141407 -0.00499296 0.465
0.0141523 -0.00500505 0.465
0.0142242 -0.00496342 0.465
0.0142827 -0.00487433 0.465
0.0142839 -0.00475272 0.465
0.0143372 -0.00463175 0.465
0.0143646 -0.00449967 0.465
0.0143359 -0.00435951 0.465
0.0143809 -0.0042312 0.465
0.0143511 -0.00409519 0.465
0.0144146 -0.00396544 0.465
0.0143563 -0.00387472 0.465
0.0142759 -0.00381603 0.465
0.0141876 -0.00377681 0.465
0.0140877 -0.00374609 0.465
0.0140001 -0.00373 0.465
0.0139051 -0.00371335 0.465
0.0137652 -0.00367763 0.465
0.0137079 -0.00368571 0.465
0.0135771 -0.00365365 0.465
0.0134581 -0.00353894 0.465
0.0131673 -0.00380486 0.465
0.0128419 -0.00438644 0.461
0.0125004 -0.00505475 0.461
0.0121424 -0.005597 0.461
0.0118005 -0.00626956 0.461
0.0114851 -0.00711247 0.57
0.0111886 -0.0079625 0.57
0.0109002 -0.00870669 0.57
0.0107419 -0.00976932 0.567
0.0106736 -0.0101598 0.567
0.0106897 -0.0104359 0.567
0.0107601 -0.0106124 0.567
0.01083 -0.0106662 0.567
0.010913 -0.0106671 0.567
0.0109377 -0.0105581 0.567
0.0110196 -0.0104983 0.567
0.0110832 -0.0103945 1.498
0.01117 -0.0103064 1.498
0.0111845 -0.0102042 3.258
0.0110474 -0.0100452 3.258
0.0109036 -0.00994153 3.257
0.010785 -0.00985057 3.257
0.0107052 -0.00975689 3.257
0.0107125 -0.00973263 3.257
0.010706 -0.00967215 3.257
0.0108313 -0.00983292 3.257
0.0109406 -0.00993195 3.257
0.0111402 -0.0101912 3.257
0.0113841 -0.0104466 3.257
0.0117197 -0.0107287 3.257
0.0120873 -0.0110275 0.3
0.0124376 -0.0113056 0.3
0.0127921 -0.0115916 0.3
0.0131129 -0.0118201 0.3
0.0132962 -0.01188 0.3
0.0135634 -0.0120999 0.3
0.0137086 -0.0121652 0.3
0.0139419 -0.0123997 0.3
0.0140884 -0.0126838 0.3
0.0140533 -0.0126747 0.3
0.0140354 -0.0126352 0.3
0.0139304 -0.0124291 0.3
0.0138559 -0.0122043 0.355
0.0137149 -0.0118937 0.355
0.0136339 -0.0116108 0.394
0.0135016 -0.0112845 0.394
0.0134343 -0.0109998 0.471
0.0133754 -0.010716 0.471
0.0132559 -0.0103569 0.534
0.0130206 -0.00902053 0.534
0.0124057 -0.00477798 0.534
0.0113796 0.00275715 0.534
0.0100823 0.0106134 0.617
0.00823378 0.018039 0.617
0.00621365 0.025254 0.777
0.00346337 0.0335322 0.777
0.00078734 0.0398681 0.856
-0.000886001 0.04701 0.856
-0.00189071 0.0565317 0.94
-0.000289344 0.0657182 0.94
0.000764871 0.074709 1.022
0.00230329 0.0853752 1.022
0.0089437 0.0932408 1.114
0.0178565 0.102898 1.114
0.024278 0.110142 1.114
0.0278796 0.114536 1.114
0.0333711 0.118226 1.114
0.0402465 0.12101 1.114
0.0488917 0.122735 1.114
0.060055 0.125442 1.183
0.0716634 0.127583 1.183
0.0838085 0.131049 1.183
0.125874 0.138306 1.356
0.165706 0.145867 1.356
0.202977 0.153277 1.378
0.239007 0.159439 1.378
0.272673 0.16402 1.404
0.305983 0.167513 1.404
0.33788 0.168215 1.404
0.369247 0.167698 1.428
0.399127 0.167432 1.428
0.427491 0.165866 1.431
0.455097 0.16269 1.431
0.481328 0.159366 1.453
0.507244 0.157295 1.453
0.533171 0.154141 1.453
0.555816 0.146974 1.453
0.577449 0.141282 1.453
0.599543 0.138208 1.453
0.621335 0.1361 1.457
0.642345 0.133497 1.457
0.663183 0.131224 1.486
0.683776 0.129305 1.486
0.705166 0.128137 1.503
0.726542 0.126423 1.503
0.760894 0.123187 1.514
0.777471 0.114637 1.514
0.792403 0.106559 1.524
0.806515 0.0992925 1.524
0.819985 0.090029 1.54
0.832218 0.0814503 1.54
0.843544 0.0736878 1.549
0.854029 0.0657444 1.549
0.863954 0.059903 1.568
0.873323 0.0558019 1.568
0.883424 0.0559083 1.571
0.894143 0.0583139 1.586
0.906224 0.0571191 1.586
0.917744 0.0548997 1.593
0.92713 0.0516218 1.593
0.934156 0.0492213 1.605
0.939923 0.0483675 1.605
0.947239 0.0512065 1.622
0.957573 0.0555659 1.622
0.968936 0.0600989 1.623
0.978424 0.0630389 1.623
0.983418 0.0639753 1.641
0.985976 0.0613183 1.641
0.994542 0.0576015 1.655
1.00421 0.0555357 1.655
1.01291 0.0562901 1.666
1.01956 0.059534 1.666
1.0289 0.0623114 1.666
1.0388 0.0653281 1.666
1.05116 0.0686752 1.681
1.06241 0.0709298 1.681
1.07558 0.0721991 1.702
1.08786 0.0719053 1.702
1.09865 0.0703324 1.724
1.10809 0.0685647 1.724
1.11736 0.0677851 1.726
1.12922 0.0679795 1.726
1.14188 0.0699353 1.756
1.15408 0.0714263 1.756
1.16464 0.074229 1.761
1.17447 0.0755933 1.761
1.18221 0.0757226 1.779
1.18749 0.0759937 1.779
1.18991 0.0780948 1.795
1.1907 0.0793873 1.795
1.1918 0.0808121 1.801
1.19461 0.0811292 1.801
1.19888 0.081782 1.816
1.2037 0.0812906 1.816
1.20921 0.0815039 1.821
1.21438 0.0821845 1.822
1.21888 0.0833896 1.822
1.22135 0.0850431 1.821
1.22128 0.0841127 1.821
1.21905 0.0813091 1.812
1.21601 0.0771005 1.812
1.21234 0.0704195 1.812
1.21152 0.0626934 1.809
1.21301 0.0538537 1.809
1.21628 0.0474329 1.768
1.21854 0.041032 1.768
1.21942 0.0363428 1.768
1.22137 0.0326783 1.768
1.22463 0.0284619 1.752
1.2303 0.0226333 1.752
1.23868 0.013888 1.75
1.24891 0.00644604 1.75
1.25813 -0.0025621 1.75
1.26417 -0.0130876 1.75
1.26921 -0.0235019 1.754
1.27546 -0.0319666 1.754
1.28451 -0.0426316 1.759
1.29198 -0.0510855 1.77
1.29756 -0.0554071 1.77
1.30174 -0.0578329 1.779
1.30672 -0.0593077 1.779
1.30936 -0.0615282 1.78
1.31218 -0.0652066 1.78
1.31341 -0.0671786 1.802
1.31228 -0.0654619 1.802
1.31037 -0.0609997 1.817
1.30968 -0.0565797 1.817
1.31019 -0.0527918 1.817
1.30932 -0.0481946 1.817
1.30787 -0.0423875 1.831
1.30555 -0.032341 1.831
1.30273 -0.0242911 1.855
1.30167 -0.0180973 1.855
1.30457 -0.0100572 1.86
1.312 0.0051161 1.86
1.31785 0.0218078 1.885
1.32241 0.0358069 1.885
1.32658 0.045507 1.889
1.33001 0.0532953 1.889
1.33268 0.0633907 1.901
1.33721 0.0750037 1.901
1.34327 0.0851947 1.909
1.35108 0.090335 1.909
1.3597 0.0924865 1.916
1.36907 0.0915656 1.916
1.37598 0.0937972 1.945
1.38147 0.0987243 1.945
1.38976 0.104984 1.952
1.3955 0.109765 1.952
1.39779 0.11434 1.952
1.39745 0.116295 1.952
1.39658 0.118593 1.966
1.39858 0.118446 1.966
1.40084 0.12143 1.966
1.40044 0.126394 1.966
1.39734 0.130967 1.998
1.39476 0.134268 1.998
1.40129 0.138081 2.014
1.41171 0.144898 2.014
1.42286 0.153163 2.025
1.43206 0.162192 2.025
1.43991 0.167235 2.041
1.45135 0.167662 2.041
1.46462 0.168157 2.041
1.47464 0.169568 2.041
1.48158 0.172667 2.055
1.49008 0.176159 2.055
1.50274 0.180655 2.068
1.51618 0.18564 2.068
1.52448 0.185685 2.086
1.52852 0.179852 2.086
1.53287 0.176614 2.088
1.53899 0.180555 2.086
1.54645 0.184002 2.086
1.55378 0.185949 2.08
1.5586 0.189094 2.08
1.55964 0.190608 2.033
1.55723 0.193031 2.033
1.55233 0.197333 1.982
1.55254 0.200895 1.982
1.55656 0.199957 1.982
1.56408 0.197611 1.982
1.57371 0.195459 1.936
1.58154 0.192711 1.936
1.58926 0.1897 1.936
1.59666 0.188463 1.936
1.60119 0.187576 1.807
1.60393 0.183981 1.807
1.60821 0.179485 1.719
1.61653 0.174487 1.719
1.6283 0.170687 1.683
1.64133 0.167909 1.683
1.65246 0.166671 1.665
1.66193 0.166721 1.665
1.66936 0.166354 1.608
1.67467 0.166239 1.608
1.67947 0.165832 1.576
1.68671 0.168718 1.576
1.69786 0.170049 1.538
1.7117 0.166628 1.538
1.7244 0.164647 1.504
1.73476 0.162568 1.504
1.74305 0.161648 1.462
1.74925 0.162574 1.462
1.75723 0.165662 1.443
1.77272 0.164942 1.402
1.7886 0.162825 1.402
1.80316 0.159427 1.362
1.81785 0.155304 1.362
1.83372 0.152206 1.325
1.84981 0.148799 1.325
1.86334 0.145999 1.3
1.87423 0.144357 1.3
1.88311 0.145285 1.3
1.89266 0.143697 1.273
1.90603 0.144982 1.273
1.91871 0.147556 1.247
1.93033 0.149683 1.247
1.94484 0.152296 1.237
1.95678 0.155522 1.225
1.96575 0.15986 1.225
1.97212 0.165794 1.205
1.97892 0.170769 1.205
1.98625 0.175168 1.197
1.99659 0.174833 1.197
2.00939 0.171987 1.185
2.01984 0.171945 1.185
2.02937 0.173642 1.184
2.03984 0.175152 1.184
2.05128 0.175918 1.172
2.0646 0.177292 1.172
2.0807 0.179047 1.169
2.09461 0.179224 1.169
2.10612 0.174792 1.161
2.11912 0.169707 1.161
2.13239 0.16429 1.16
2.14616 0.160341 1.16
2.15952 0.156113 1.16
2.17285 0.152087 1.16
2.18452 0.146528 1.157
2.19581 0.139982 1.157
2.20766 0.13387 1.154
2.21785 0.129064 1.154
2.22518 0.126342 1.154
2.23191 0.124486 1.154
2.23892 0.121045 1.157
2.24487 0.116102 1.157
2.2503 0.112522 1.159
2.25584 0.111367 1.159
2.26123 0.111291 1.169
2.2657 0.108211 1.169
2.27141 0.105745 1.169
2.27955 0.103562 1.169
2.28671 0.100187 1.169
2.29124 0.0969395 1.169
2.29356 0.0945582 1.185
2.29539 0.0935898 1.185
2.2984 0.0941298 1.189
2.30397 0.0948315 1.189
2.31283 0.0945983 1.197
2.32371 0.0930675 1.197
2.33485 0.0892966 1.201
2.34482 0.0858496 1.213
2.35332 0.083686 1.213
2.36147 0.0813594 1.221
2.36954 0.0796156 1.221
2.37825 0.0783785 1.228
2.38644 0.0770004 1.228
2.39433 0.0734308 1.228
2.40308 0.0712826 1.246
2.41014 0.0718449 1.249
2.4158 0.0722306 1.249
2.42232 0.0704392 1.257
2.42897 0.0668063 1.257
2.43252 0.0651927 1.263
2.43416 0.0650487 1.263
2.43749 0.0651112 1.273
2.44356 0.0635389 1.273
2.42721 0.0705866 1.282
2.40778 0.0771174 1.282
2.38688 0.0817784 1.288
2.36948 0.0865704 1.288
2.35526 0.0919856 1.297
2.34283 0.0983958 1.297
2.3302 0.106482 1.303
2.31477 0.112716 1.311
2.2973 0.117081 1.311
2.2826 0.120321 1.311
2.27153 0.123611 1.33
2.25973 0.127373 1.33
2.24505 0.130803 1.334
2.22852 0.135305 1.334
2.21412 0.1404 1.342
2.20293 0.145981 1.342
2.19195 0.150129 1.342
2.18118 0.152685 1.342
2.17078 0.156365 1.35
2.15982 0.160988 1.35
2.14902 0.165919 1.353
2.13885 0.169091 1.353
2.12903 0.173307 1.365
2.11864 0.177391 1.365
2.10704 0.182459 1.369
2.09461 0.186291 1.373
2.08141 0.189874 1.373
2.06774 0.194118 1.388
2.05389 0.197567 1.388
2.04024 0.200134 1.39
2.02681 0.201389 1.39
2.01697 0.202568 1.405
2.01096 0.203287 1.405
2.00785 0.203391 1.408
2.00629 0.201468 1.408
2.00567 0.20039 1.416
2.00516 0.199511 1.416
2.0043 0.198605 1.416
2.0041 0.198824 1.416
2.00451 0.200599 1.416
2.00662 0.19907 1.416
2.00829 0.195597 1.43
2.01143 0.191372 1.43
2.01415 0.186576 1.43
2.01836 0.182898 1.435
2.02163 0.182732 1.436
2.02274 0.184876 1.436
2.02239 0.188095 1.447
2.02123 0.189663 1.447
2.01937 0.191034 1.452
2.01908 0.192494 1.452
2.0173 0.198811 1.457
2.01824 0.204559 1.457
2.01884 0.208318 1.464
2.02074 0.21268 1.464
2.02163 0.216746 1.465
2.01986 0.222628 1.465
2.01741 0.233621 1.479
2.01517 0.245741 1.479
2.01658 0.256956 1.479
2.0184 0.267761 1.479
2.02228 0.28125 1.483
2.02907 0.296042 1.483
2.03272 0.310548 1.498
2.03573 0.326451 1.498
2.03641 0.340893 1.508
2.03757 0.352577 1.512
2.04584 0.365102 1.512
2.04894 0.377176 1.512
2.05009 0.388424 1.517
2.05062 0.403296 1.517
2.05228 0.417686 1.517
2.05687 0.431193 1.517
2.0607 0.444081 1.522
2.06361 0.4595 1.522
2.06497 0.473293 1.522
2.06599 0.486458 1.522
2.06746 0.503492 1.524
2.06855 0.520924 1.537
2.07231 0.53792 1.537
2.07192 0.555184 1.537
2.06892 0.569678 1.537
2.06487 0.584835 1.537
2.06034 0.604365 1.537
2.0559 0.62037 1.542
2.05174 0.631769 1.542
2.04717 0.642159 1.543
2.03876 0.654547 1.543
2.02826 0.669888 1.543
2.0192 0.684404 1.543
2.01234 0.687264 1.551
2.00516 0.691217 1.551
1.99725 0.696854 1.557
1.98966 0.704049 1.557
1.98042 0.71299 1.557
1.96916 0.723176 1.557
1.95876 0.731047 1.563
1.94969 0.736793 1.563
1.94299 0.743467 1.563
1.94025 0.748798 1.563
1.93989 0.752403 1.563
1.94132 0.758519 1.563
1.94524 0.761224 1.571
1.95297 0.764643 1.571
1.96275 0.767817 1.586
1.97607 0.770828 1.586
1.99307 0.774225 1.587
2.00649 0.777506 1.587
2.01863 0.778939 1.587
2.03469 0.783541 1.587
2.05276 0.786872 1.587
2.0705 0.788791 1.587
2.08718 0.792396 1.587
2.10556 0.79471 1.587
2.12251 0.795979 1.588
2.13838 0.795462 1.588
2.15559 0.797746 1.588
2.17173 0.800038 1.588
2.18428 0.806341 1.585
2.19442 0.814156 1.585
2.20245 0.824151 1.585
2.20965 0.832817 1.585
2.21734 0.840966 1.585
2.22387 0.848852 1.585
2.2316 0.857016 1.585
2.2412 0.865514 1.582
2.25505 0.87463 1.582
2.26461 0.886088 1.582
2.26907 0.900168 1.579
2.27589 0.914924 1.579
2.28065 0.930729 1.578
2.28569 0.944613 1.578
2.29065 0.957125 1.579
2.29752 0.968422 1.579
2.30474 0.980137 1.579
2.31217 0.992563 1.592
2.31765 1.00689 1.592
2.31974 1.01571 1.592
2.32252 1.02297 1.592
2.32727 1.02989 1.592
2.33326 1.03711 1.592
2.33766 1.04402 1.567
2.34097 1.04966 1.567
2.34055 1.059 1.567
2.337 1.07031 1.567
2.33436 1.09959 1.567
2.33396 1.12844 1.567
2.33585 1.15508 1.57
2.33806 1.18093 1.57
2.34097 1.20533 1.57
2.34295 1.22774 1.57
2.34457 1.24818 1.582
2.34748 1.2673 1.582
2.35062 1.28113 1.582
2.35654 1.29092 1.582
2.36217 1.29887 1.582
2.36584 1.30531 1.597
2.36632 1.31239 1.605
2.36655 1.3203 1.605
2.36847 1.32736 1.609
2.36953 1.33524 1.609
2.36996 1.34622 1.611
2.36645 1.35681 1.611
2.3601 1.3641 1.609
2.35331 1.37291 1.609
2.34505 1.38274 1.612
2.33529 1.39359 1.612
2.32598 1.40296 1.612
2.31906 1.4091 1.612
2.31417 1.41596 1.616
2.31092 1.418 1.616
2.30601 1.41758 1.629
2.30071 1.4158 1.629
2.29665 1.41495 1.634
2.29573 1.41304 1.634
2.29791 1.41216 1.646
2.30081 1.4081 1.646
2.30351 1.40168 1.655
2.30724 1.39422 1.655
2.30959 1.38689 1.668
2.31123 1.37911 1.668
2.31314 1.37225 1.677
2.31124 1.37118 1.677
2.31126 1.36803 1.682
2.31058 1.36732 1.682
2.31039 1.36828 1.682
2.30847 1.37301 1.682
2.30415 1.37802 1.688
2.30145 1.37899 1.688
2.29104 1.38684 1.709
2.27871 1.39641 1.709
2.26472 1.40435 1.717
2.24885 1.41192 1.717
2.23575 1.41509 1.729
2.22067 1.41939 1.729
2.20287 1.42568 1.729
2.18546 1.43169 1.735
2.16992 1.43552 1.735
2.15542 1.4358 1.746
2.13983 1.43646 1.746
2.12537 1.43723 1.766
2.1126 1.44093 1.766
2.09805 1.44533 1.792
2.08355 1.44997 1.792
2.06992 1.44686 1.777
2.05477 1.44856 1.777
2.0409 1.45522 1.785
2.02966 1.45729 1.785
2.01666 1.46088 1.785
2.00204 1.46563 1.785
1.98681 1.46733 1.803
1.97389 1.46855 1.803
1.96221 1.47109 1.806
1.95242 1.47618 1.806
1.94171 1.48303 1.822
1.92974 1.48871 1.822
1.91867 1.49596 1.822
1.91008 1.50278 1.822
1.89311 1.51682 1.822
1.8773 1.52982 1.822
1.86178 1.54202 1.823
1.84551 1.55179 1.823
1.82843 1.56348 1.845
1.81016 1.57456 1.845
1.79313 1.58299 1.865
1.77414 1.59416 1.865
1.75456 1.60853 1.887
1.73749 1.61808 1.887
1.71941 1.62681 1.887
1.69618 1.63361 1.887
1.67084 1.64066 1.887
1.64839 1.65029 1.887
1.62965 1.65326 1.887
1.61004 1.65519 1.911
1.58827 1.65703 1.911
1.56648 1.66207 1.911
1.54746 1.67033 1.92
1.52995 1.67858 1.92
1.5134 1.68451 1.927
1.49008 1.68788 1.927
1.46818 1.69032 1.941
1.44744 1.69094 1.941
1.4245 1.69192 1.941
1.40085 1.68989 1.941
1.37697 1.68504 1.941
1.35558 1.6801 1.941
1.334 1.67463 1.966
1.31037 1.66615 1.966
1.28617 1.65541 1.966
1.25448 1.63997 1.966
1.22431 1.62454 1.949
1.19727 1.61173 1.944
1.17199 1.59974 1.944
1.14932 1.58803 1.943
1.12823 1.57575 1.943
1.10857 1.56277 1.928
1.08678 1.549 1.928
1.0645 1.53737 1.925
1.04062 1.52518 1.923
1.01518 1.51817 1.923
0.990817 1.51173 1.923
0.969979 1.50588 1.919
0.951411 1.49841 1.919
0.928342 1.48549 1.913
0.905872 1.47706 1.913
0.886189 1.47432 1.913
0.854955 1.46968 1.913
0.828661 1.46679 1.913
0.804721 1.46546 1.913
0.782907 1.45969 1.917
0.753932 1.45872 1.917
0.726619 1.45656 1.905
0.700118 1.45263 1.898
0.677607 1.44598 1.898
0.653774 1.43993 1.898
0.629282 1.43689 1.892
0.606205 1.4391 1.892
0.5912 1.43845 1.89
0.575565 1.44106 1.89
0.55917 1.44474 1.89
0.565824 1.45074 1.879
0.57326 1.45744 1.879
0.580354 1.46421 1.879
0.586193 1.46963 1.879
0.592052 1.48066 1.868
0.600249 1.48836 1.868
0.611013 1.49397 1.867
0.620818 1.49707 1.867
0.629497 1.50218 1.866
0.636447 1.5077 1.866
0.639886 1.51739 1.856
0.643664 1.52398 1.856
0.648014 1.52843 1.856
0.650503 1.53079 1.856
0.651422 1.53006 1.856
0.650455 1.5299 1.856
0.647789 1.52856 1.841
0.641621 1.52692 1.841
0.634669 1.52562 1.835
0.627461 1.51778 1.835
0.620289 1.51583 1.823
0.612865 1.5109 1.823
0.605784 1.498 1.81
0.599789 1.48921 1.81
0.595652 1.48706 1.806
0.590855 1.47925 1.806
0.582342 1.47162 1.797
0.568378 1.4644 1.797
0.554268 1.45695 1.797
0.542027 1.45146 1.797
0.521418 1.44753 1.792
0.499679 1.44473 1.792
0.477118 1.44473 1.79
0.447951 1.44482 1.79
0.419884 1.44659 1.79
0.394108 1.44828 1.78
0.367561 1.44637 1.78
0.341947 1.4468 1.78
0.319424 1.4485 1.78
0.292687 1.44828 1.78
0.266963 1.44782 1.777
0.247188 1.44664 1.764
0.230733 1.4428 1.764
0.218284 1.44628 1.749
0.208458 1.45406 1.749
0.196597 1.46215 1.742
0.183384 1.47132 1.742
0.171909 1.48155 1.742
0.165141 1.49282 1.742
0.157188 1.50287 1.748
0.146372 1.51094 1.748
0.135351 1.51661 1.748
0.124224 1.52164 1.748
0.114232 1.52746 1.742
0.095666 1.5246 1.742
0.0777573 1.52237 1.742
0.0629382 1.52288 1.742
0.0494865 1.52532 1.742
0.0352564 1.5264 1.742
0.0183689 1.52673 1.743
0.00374865 1.52601 1.743
-0.0111494 1.52592 1.743
-0.0250379 1.52561 1.743
-0.0358682 1.52313 1.743
-0.0458069 1.52273 1.743
-0.0519952 1.5192 1.744
-0.0573803 1.51675 1.744
-0.0629801 1.51641 1.753
-0.0702401 1.51443 1.753
-0.0783931 1.51214 1.757
-0.08575 1.50881 1.757
-0.0892158 1.50302 1.757
-0.0903103 1.49795 1.757
-0.0908024 1.49074 1.761
-0.0910016 1.48292 1.761
-0.0903942 1.47583 1.761
-0.08658 1.46692 1.761
-0.0813692 1.4576 1.773
-0.0782177 1.45198 1.773
-0.0753929 1.44746 1.766
-0.0699632 1.43562 1.766
-0.0652554 1.4238 1.774
-0.063648 1.4142 1.774
-0.0634835 1.40737 1.774
-0.0629998 1.40103 1.774
-0.0605598 1.39296 1.776
-0.0581205 1.38304 1.782
-0.0577541 1.37185 1.782
-0.0573971 1.35894 1.782
-0.057452 1.34276 1.782
-0.0601024 1.3264 1.783
-0.0646651 1.31239 1.783
-0.068861 1.29916 1.785
-0.0710617 1.28766 1.785
-0.0723232 1.27438 1.798
-0.0738023 1.25953 1.798
-0.0765319 1.24471 1.798
-0.0822044 1.22895 1.798
-0.0853687 1.21005 1.801
-0.0850251 1.19019 1.801
-0.0858359 1.17384 1.803
-0.0873191 1.1555 1.803
-0.0889345 1.13778 1.803
-0.0894832 1.11989 1.803
-0.0893721 1.10458 1.808
-0.0892077 1.08972 1.808
-0.0851044 1.06996 1.8
-0.0793053 1.04999 1.8
-0.0752226 1.02761 1.808
-0.07391 1.00435 1.808
-0.0751748 0.982689 1.803
-0.0759423 0.964611 1.803
-0.0771506 0.947512 1.803
-0.0767486 0.932852 1.803
-0.0759367 0.919205 1.81
-0.077546 0.903869 1.81
-0.0804556 0.889847 1.81
-0.0829411 0.876666 1.81
-0.0853217 0.865109 1.81
-0.0857979 0.851933 1.81
-0.0879337 0.841076 1.822
-0.0915805 0.828119 1.822
-0.0969675 0.819602 1.822
-0.0972148 0.809246 1.822
-0.093938 0.79963 1.814
-0.092273 0.792119 1.814
-0.0899935 0.784223 1.814
-0.0876329 0.774944 1.814
-0.0836505 0.765028 1.814
-0.0780474 0.754225 1.814
-0.0729785 0.746022 1.823
-0.0656265 0.73727 1.823
-0.0579862 0.728208 1.823
-0.0516418 0.71924 1.823
-0.0452818 0.708672 1.823
-0.0354705 0.689769 1.823
-0.0245217 0.670742 1.823
-0.0109165 0.647072 1.823
0.000309928 0.627233 1.823
0.00985725 0.610008 1.825
0.0196604 0.589149 1.825
0.0304856 0.569604 1.825
0.0429528 0.553877 1.825
0.0523441 0.547676 1.839
0.0668156 0.528226 1.847
0.068757 0.536922 1.847
0.0775319 0.514502 1.851
0.0844754 0.490436 1.851
0.0947956 0.465997 1.861
0.107598 0.445348 1.861
0.119819 0.426205 1.871
0.12758 0.406647 1.871
0.132461 0.385423 1.879
0.139956 0.361613 1.879
0.149175 0.33825 1.888
0.156515 0.318097 1.888
0.161637 0.29682 1.889
0.168191 0.275308 1.889
0.178572 0.255102 1.902
0.194479 0.235718 1.906
0.215537 0.217027 1.906
0.234746 0.200193 1.906
0.25193 0.179539 1.912
0.26605 0.15974 1.931
0.2753 0.142523 1.931
0.280826 0.129019 1.931
0.285596 0.116446 1.931
0.290705 0.106104 1.931
