0.111035 -0.0417293 0.2715
0.111032 -0.0417261 0.271499
0.111031 -0.0417284 0.271504
0.111032 -0.0417257 0.271512
0.111031 -0.0417301 0.271506
0.111031 -0.0417301 0.271506
0.11103 -0.0417304 0.2715
0.11103 -0.0417304 0.2715
0.111031 -0.0417281 0.271502
0.111034 -0.0417233 0.271512
0.111034 -0.0417233 0.271512
0.111029 -0.0417251 0.271506
0.111029 -0.0417251 0.271506
0.111031 -0.0417324 0.271497
0.111035 -0.0417285 0.27151
0.111035 -0.0417285 0.27151
0.111031 -0.0417223 0.271506
0.111031 -0.0417223 0.271506
0.111036 -0.041731 0.271504
0.111033 -0.0417302 0.271502
0.111033 -0.0417302 0.271502
0.111031 -0.0417247 0.271503
0.111031 -0.0417247 0.271503
0.111036 -0.041726 0.271512
0.111032 -0.0417238 0.271497
0.111032 -0.0417238 0.271497
0.111032 -0.0417271 0.271509
0.111032 -0.0417271 0.271509
0.111038 -0.0417265 0.271506
0.111033 -0.0417299 0.271503
0.111033 -0.0417299 0.271503
0.111032 -0.0417283 0.271495
0.111032 -0.0417283 0.271495
0.111037 -0.0417257 0.271507
0.111035 -0.0417276 0.271509
0.111035 -0.0417276 0.271509
0.111031 -0.0417261 0.271504
0.111031 -0.0417261 0.271504
0.111033 -0.0417303 0.271502
0.111047 -0.0417249 0.271506
0.111047 -0.0417249 0.271506
0.111035 -0.0417249 0.27151
0.111035 -0.0417249 0.27151
0.111036 -0.0417235 0.271509
0.111033 -0.0417256 0.271503
0.111033 -0.0417256 0.271503
0.111032 -0.0417268 0.271508
0.111032 -0.0417268 0.271508
0.111035 -0.0417269 0.271504
0.111032 -0.0417259 0.271499
0.111032 -0.0417259 0.271499
0.111032 -0.0417214 0.271498
0.111032 -0.0417214 0.271498
0.111033 -0.0417265 0.271499
0.111032 -0.0417302 0.271502
0.111032 -0.0417302 0.271502
0.111032 -0.041732 0.2715
0.111032 -0.041732 0.2715
0.111032 -0.0417229 0.271507
0.111031 -0.041726 0.271507
0.111031 -0.041726 0.271507
0.111033 -0.0417325 0.271502
0.111032 -0.0417289 0.271495
0.111028 -0.0417273 0.271498
0.111032 -0.0417295 0.271496
0.111033 -0.0417309 0.271503
0.111033 -0.0417322 0.271504
0.111031 -0.0417346 0.271491
0.111029 -0.0417326 0.271501
0.111028 -0.0417322 0.271499
0.111031 -0.0417271 0.271502
0.111027 -0.0417301 0.271499
0.11103 -0.0417281 0.271504
0.111026 -0.0417342 0.271486
0.11103 -0.0417313 0.271487
0.111028 -0.0417314 0.271487
0.111029 -0.0417359 0.271502
0.111031 -0.0417334 0.271501
0.11103 -0.0417335 0.271502
0.111027 -0.0417311 0.271506
0.111029 -0.041724 0.271509
0.111054 -0.0417298 0.271505
0.111039 -0.041707 0.271521
0.111048 -0.0416998 0.27152
0.111068 -0.0417003 0.271533
0.111052 -0.0416947 0.27153
0.111065 -0.0416979 0.271526
0.11106 -0.041696 0.271522
0.111057 -0.0416971 0.271528
0.111059 -0.0416922 0.271525
0.111063 -0.0417044 0.27152
0.111062 -0.0416973 0.271515
0.111161 -0.041591 0.271585
0.111179 -0.0415742 0.271585
0.111157 -0.0415742 0.271578
0.111166 -0.0415789 0.27159
0.111168 -0.0415596 0.271592
0.111202 -0.0415392 0.271598
0.111199 -0.041554 0.271591
0.111171 -0.0415718 0.271585
0.111199 -0.0415498 0.271598
0.111169 -0.0415681 0.271577
0.111189 -0.0415518 0.271591
0.111194 -0.0415444 0.27159
0.111212 -0.0415508 0.271598
0.111197 -0.0415367 0.2716
0.111198 -0.0415464 0.271594
0.111213 -0.0415436 0.271582
0.111185 -0.0415491 0.271602
0.111222 -0.0415328 0.271588
0.11123 -0.0415247 0.271608
0.111218 -0.0415214 0.271606
0.111213 -0.041519 0.2716
0.111199 -0.0415278 0.271602
0.111209 -0.041544 0.271592
0.111197 -0.0415401 0.27159
0.111205 -0.0415393 0.271588
0.111172 -0.0415642 0.271572
0.111198 -0.0415461 0.271585
0.111204 -0.041538 0.271591
0.111198 -0.0415377 0.271592
0.111213 -0.0415091 0.271599
0.111218 -0.0415306 0.27158
0.111213 -0.0415342 0.271577
0.111228 -0.0415248 0.271592
0.111224 -0.0415107 0.271607
0.111329 -0.0414171 0.27167
0.111388 -0.0413033 0.271736
0.111469 -0.0412277 0.271848
0.111638 -0.0410583 0.271927
0.112149 -0.0407604 0.27266
0.114551 -0.0410411 0.279534
0.126254 -0.0403082 0.321756
0.164424 -0.0386631 0.442624
0.221496 -0.0375582 0.596003
0.292131 -0.0375768 0.761551
0.365637 -0.0387725 0.923663
0.522717 -0.0439662 1.27701
0.58638 -0.0465656 1.4137
0.646944 -0.0489715 1.50432
0.700014 -0.0507723 1.555
0.748393 -0.0525227 1.58669
0.794283 -0.0540112 1.6112
0.834473 -0.0555061 1.63129
0.865409 -0.0567084 1.64798
0.887072 -0.057533 1.6634
0.901439 -0.0579667 1.67971
0.90787 -0.0580519 1.69816
0.906078 -0.0578416 1.71627
0.902099 -0.0575773 1.73454
0.897832 -0.057451 1.75466
0.896593 -0.0574483 1.77438
0.899548 -0.0576489 1.79305
0.906359 -0.0583899 1.81194
0.924101 -0.0619432 1.8485
0.933115 -0.0651364 1.86964
0.941206 -0.068166 1.89176
0.948995 -0.0708634 1.91509
0.955048 -0.0717689 1.93941
0.960315 -0.0722931 1.96527
0.964539 -0.0715837 1.9904
0.967166 -0.0717764 2.01228
0.967375 -0.0731356 2.02463
0.965343 -0.0743385 2.02131
0.959758 -0.0756529 1.99772
0.951201 -0.0760974 1.96695
0.939672 -0.0741279 1.95196
0.925345 -0.0686963 1.95157
0.911077 -0.0592937 1.96085
0.898615 -0.0450341 1.97629
0.891992 -0.029473 1.99323
0.893788 -0.0129485 2.01233
0.901495 3.48212e-05 2.03029
0.9148 0.00967479 2.0478
0.934873 0.018657 2.06857
0.955653 0.0247838 2.08841
0.995142 0.033082 2.12873
1.01169 0.034632 2.14938
1.03787 0.0265847 2.18932
1.05091 0.0171781 2.20958
1.08416 -0.00903111 2.25132
1.10485 -0.0228545 2.27325
1.15053 -0.0514306 2.2878
1.16792 -0.0649469 2.25608
1.21254 -0.10155 2.07459
1.23984 -0.125808 1.97092
1.28582 -0.163835 1.85223
1.31757 -0.180539 1.79125
1.35021 -0.191354 1.73628
1.39142 -0.194089 1.67494
1.44065 -0.191686 1.60693
1.47968 -0.186908 1.55659
1.58281 -0.176376 1.45801
1.67992 -0.173526 1.41055
1.72403 -0.174264 1.39552
1.80946 -0.170565 1.37351
1.84363 -0.163805 1.36692
1.89088 -0.146336 1.36167
1.9127 -0.134713 1.36571
1.92938 -0.124565 1.37334
1.94131 -0.116444 1.38131
1.95437 -0.107137 1.3917
1.96581 -0.0978693 1.40143
1.99129 -0.0689949 1.42778
2.00036 -0.0529134 1.44135
2.00683 -0.037606 1.45454
2.01141 -0.0195663 1.47053
2.01271 -0.00974433 1.47965
2.00786 0.0241921 1.51098
2.00028 0.0392765 1.52567
1.99052 0.0532859 1.5388
1.97755 0.0655799 1.55042
1.96319 0.0758538 1.56184
1.94785 0.0841216 1.57375
1.93235 0.0895364 1.58517
1.91579 0.0943177 1.59723
1.90075 0.0994812 1.60701
1.88413 0.108769 1.61684
1.86809 0.127045 1.62706
1.85317 0.156287 1.63775
1.83013 0.251084 1.65759
1.82342 0.309649 1.66729
1.81966 0.373191 1.67969
1.82044 0.433778 1.69337
1.82507 0.496274 1.7075
1.83275 0.551011 1.71873
1.84279 0.608225 1.72888
1.85316 0.65743 1.73711
1.86273 0.701711 1.74491
1.87211 0.739924 1.75157
1.8833 0.7728 1.75726
1.89556 0.795039 1.7614
1.91218 0.807959 1.76653
1.93051 0.808803 1.77257
1.95539 0.801412 1.78143
1.97534 0.796207 1.788
2.01261 0.803632 1.79916
2.03792 0.828032 1.807
2.06519 0.873554 1.81511
2.10582 0.998465 1.8217
2.12245 1.07273 1.82093
2.13653 1.14045 1.81924
2.1496 1.19788 1.81792
2.16232 1.24898 1.81544
2.17159 1.285 1.81323
2.19138 1.36405 1.80698
2.19567 1.38866 1.80654
2.1989 1.41183 1.80972
2.19855 1.42835 1.81649
2.19668 1.43777 1.82486
2.18754 1.44518 1.83856
2.17834 1.44636 1.8437
2.16774 1.44741 1.84645
2.153 1.44806 1.84916
2.13395 1.44953 1.85268
2.0852 1.46181 1.86973
2.05506 1.47555 1.88321
2.01363 1.49865 1.90118
1.97017 1.525 1.91852
1.92283 1.55453 1.93576
1.87149 1.58582 1.95091
1.8178 1.61755 1.96318
1.76727 1.64519 1.97284
1.71832 1.66933 1.98365
1.64729 1.70017 2.00084
1.58281 1.72617 2.01778
1.52514 1.74947 2.03356
1.46731 1.77282 2.05219
1.41986 1.79216 2.07044
1.38036 1.80697 2.08823
1.34079 1.81575 2.10706
1.28505 1.81184 2.13233
1.25266 1.80154 2.14416
1.21734 1.78832 2.1554
1.12014 1.75825 2.17357
1.05262 1.74389 2.17664
0.971267 1.73121 2.17524
0.887226 1.72178 2.17216
0.697247 1.70602 2.16361
0.607002 1.70133 2.15929
0.452856 1.7012 2.14866
0.396247 1.70568 2.14261
0.345624 1.71197 2.13532
0.306257 1.71797 2.128
0.277261 1.72312 2.12058
0.252227 1.7279 2.11199
0.23101 1.73213 2.10143
0.176189 1.7419 2.07413
0.127773 1.74693 2.05974
0.0616721 1.74977 2.04815
-0.00596702 1.74774 2.04078
-0.10588 1.73562 2.03166
-0.192258 1.71416 2.02358
-0.27686 1.67955 2.01495
-0.350674 1.63542 2.00672
-0.363335 1.62634 2.00528
-0.363335 1.62634 2.00528
-0.400995 1.59623 2.00073
-0.400995 1.59623 2.00073
-0.471703 1.50994 1.9916
-0.473956 1.40465 1.98315
-0.448698 1.35389 1.97995
-0.425386 1.31594 1.98014
-0.402831 1.28295 1.9812
-0.374017 1.24662 1.98317
-0.34674 1.21449 1.9855
-0.322321 1.18642 1.98833
-0.302869 1.16531 1.99127
-0.279154 1.13838 1.99575
-0.265026 1.11932 1.99877
-0.252874 1.09621 2.00282
-0.248036 1.07589 2.00629
-0.248607 1.04758 2.01239
-0.254764 1.01448 2.01947
-0.262403 0.984902 2.02419
-0.273524 0.950913 2.02692
-0.289172 0.908568 2.02858
-0.302059 0.87323 2.03017
-0.317318 0.829071 2.03264
0-0.329321 0.784357 2.03552
-0.336726 0.733376 2.03892
-0.337197 0.679902 2.04251
-0.330817 0.628829 2.0452
-0.318953 0.584445 2.04702
-0.297345 0.532197 2.04845
-0.270243 0.484982 2.04922
-0.220484 0.413617 2.05514
-0.196441 0.381886 2.06148
-0.174204 0.351732 2.0694
-0.15444 0.326394 2.07731
-0.136101 0.302327 2.08665
-0.119438 0.280924 2.09725
-0.105515 0.263389 2.10706
-0.0890528 0.243648 2.11923
-0.0734193 0.228832 2.1308
-0.058148 0.217646 2.14069
-0.0419204 0.208872 2.14821
-0.0165168 0.19859 2.15553
0.00972571 0.190622 2.15947
0.0509609 0.18163 2.16097
0.094402 0.173144 2.15992
0.154035 0.163178 2.15701
0.221329 0.153767 2.15418
0.30717 0.144184 2.15185
0.381722 0.138385 2.15073
0.456966 0.136517 2.14857
0.521607 0.136782 2.14579
0.590642 0.138173 2.1421
0.658801 0.141224 2.13797
0.729739 0.144864 2.13417
0.875276 0.146478 2.12535
0.938781 0.142147 2.12054
0.996821 0.132118 2.1157
1.05837 0.114119 2.1105
1.11074 0.0937944 2.10354
1.16027 0.0703754 2.09396
1.20673 0.0445296 2.08385
1.25067 0.0169292 2.07469
1.29329 -0.0126658 2.06618
1.33817 -0.0465539 2.05662
1.38179 -0.0807023 2.04621
1.42678 -0.116367 2.03673
1.47274 -0.152457 2.02878
1.51731 -0.18362 2.02251
1.56332 -0.211999 2.01728
1.61457 -0.237022 2.0107
1.66794 -0.25419 2.00247
1.71459 -0.261644 1.99562
1.76415 -0.261335 1.99127
1.81014 -0.253111 1.99069
1.89233 -0.220199 1.99584
1.92107 -0.202985 1.99851
1.94578 -0.184555 2.00124
1.9636 -0.164525 2.00328
1.97606 -0.142331 2.00488
1.98957 -0.0861429 2.00909
1.99349 -0.0491214 2.01277
1.99598 -0.0049868 2.01721
1.99695 0.0510273 2.02356
1.99574 0.111014 2.03166
1.99336 0.162855 2.03968
1.98846 0.218681 2.04884
1.9832 0.270284 2.05931
1.97626 0.314464 2.06925
1.96742 0.353565 2.07859
1.95853 0.380551 2.0845
1.92001 0.450786 2.09327
1.89678 0.482905 2.09356
1.87271 0.519458 2.09247
1.85306 0.556425 2.09152
1.83326 0.610875 2.09089
1.82011 0.672934 2.09181
1.81309 0.746294 2.09363
1.81291 0.831866 2.09492
1.81883 0.91922 2.09533
1.83151 1.01808 2.0945
1.85139 1.12075 2.09232
1.87726 1.22562 2.08938
1.90273 1.30842 2.08574
1.93664 1.39976 2.08052
1.96878 1.47322 2.07537
1.99948 1.53513 2.07084
2.02715 1.58521 2.06752
2.05137 1.62464 2.06617
2.06667 1.64981 2.06633
2.07792 1.67433 2.0678
2.07875 1.69246 2.07029
2.06821 1.70519 2.07349
2.04138 1.71541 2.07749
1.99735 1.72065 2.08051
1.93949 1.72105 2.08338
1.86389 1.71722 2.0881
1.77044 1.70897 2.0932
1.56314 1.68204 2.10056
1.34813 1.64544 2.1033
1.24268 1.62523 2.10651
1.0464 1.58949 2.12028
0.953787 1.57731 2.1314
0.864344 1.5724 2.14548
0.788386 1.57478 2.16017
0.719793 1.58214 2.17406
0.654418 1.59294 2.18764
0.527775 1.61909 2.21315
0.476596 1.63173 2.22312
0.435156 1.64308 2.23151
0.398088 1.65479 2.23964
0.33957 1.67067 2.25359
0.311926 1.67527 2.25903
0.289614 1.67752 2.26231
0.266643 1.6793 2.2646
0.243697 1.68117 2.26559
0.198362 1.687 2.26491
0.17783 1.69095 2.26311
0.125402 1.70288 2.2572
0.10126 1.7036 2.25432
0.0761841 1.69431 2.2498
0.0387263 1.63242 2.23662
0.0263509 1.5841 2.22866
0.00876168 1.41659 2.20249
0.00695775 1.32559 2.18702
0.00910219 1.22978 2.16942
0.0125772 1.13604 2.15141
0.0197089 0.934678 2.10897
0.0195247 0.85284 2.09066
0.016535 0.776567 2.07272
0.0118077 0.710857 2.05612
0.00577501 0.640308 2.03695
-0.000529541 0.518843 2.00165
0.00778547 0.405904 1.96761
0.0157221 0.360369 1.95535
0.0278872 0.307136 1.9421
0.041884 0.251214 1.93091
0.0672984 0.142794 1.91758
0.0796157 0.0793653 1.91208
0.0871727 0.030922 1.90822
0.0946117 -0.0287549 1.90278
0.0986559 -0.0739815 1.8981
0.102541 -0.112515 1.89493
0.107742 -0.143943 1.89384
0.114865 -0.168966 1.89562
0.125164 -0.188683 1.90008
0.14059 -0.200055 1.90498
0.183585 -0.20117 1.91107
0.224291 -0.192738 1.91387
0.32357 -0.165648 1.91909
0.388649 -0.146082 1.92327
0.521561 -0.100587 1.93311
0.590271 -0.0736403 1.93731
0.659634 -0.0442929 1.94132
0.721238 -0.0169522 1.94484
0.788705 0.0112638 1.94806
0.850622 0.0337306 1.94991
0.913396 0.0505324 1.95138
0.974324 0.0585856 1.95161
1.02966 0.0600016 1.94957
1.08719 0.0561754 1.94624
1.13763 0.0495147 1.94253
1.198 0.0386667 1.93801
1.31035 0.010164 1.93187
1.36558 -0.00756175 1.92971
1.4187 -0.0264596 1.92765
1.54185 -0.07178 1.92333
1.60435 -0.090146 1.92039
1.66824 -0.102008 1.91572
1.72126 -0.104746 1.91088
1.78228 -0.102469 1.90516
1.88903 -0.0894441 1.89891
1.94574 -0.0828335 1.89988
1.98946 -0.0776201 1.90217
2.07661 -0.0583418 1.90501
2.11047 -0.0427139 1.90473
2.13693 -0.0224988 1.90423
2.1591 0.00431692 1.90297
2.18771 0.0739638 1.89755
2.19597 0.145969 1.89123
2.19488 0.185639 1.88671
2.19078 0.221575 1.8818
2.18389 0.256226 1.87733
2.17484 0.291873 1.87436
2.16334 0.328328 1.873
2.1505 0.361958 1.87233
2.13747 0.39395 1.87238
2.12222 0.430177 1.87473
2.08575 0.518405 1.88723
2.06785 0.563926 1.89392
2.04569 0.622824 1.90266
2.02561 0.680841 1.91192
2.00551 0.74335 1.92273
1.98292 0.818145 1.93488
1.96491 0.889463 1.94502
1.94662 0.978585 1.95536
1.92537 1.14688 1.9703
1.92118 1.2245 1.97638
1.92042 1.31042 1.98427
1.92376 1.38637 1.9923
1.92865 1.44911 1.99989
1.93453 1.49636 2.00808
1.94514 1.54265 2.01972
1.97378 1.6051 2.04363
1.99365 1.63133 2.05685
2.01 1.65024 2.06785
2.02652 1.66853 2.08097
2.03952 1.69105 2.1048
2.03228 1.69669 2.11735
2.01563 1.69878 2.12917
1.95505 1.69385 2.15062
1.90002 1.68696 2.16125
1.83282 1.67839 2.16994
1.76748 1.67032 2.17647
1.68277 1.65879 2.18278
1.59077 1.64589 2.18717
1.49278 1.6309 2.1898
1.38879 1.61489 2.19258
1.27906 1.5982 2.19517
1.17121 1.58322 2.1996
1.05737 1.56975 2.20576
0.940823 1.55876 2.2118
0.836468 1.55367 2.21451
0.738895 1.55469 2.21364
0.648084 1.56166 2.20797
0.562252 1.57498 2.19757
0.475386 1.59364 2.18318
0.394999 1.61373 2.16738
0.249739 1.65394 2.12875
0.188997 1.66404 2.10815
0.107452 1.63521 2.07434
0.0835343 1.59507 2.06058
0.0647591 1.53662 2.04788
0.0505945 1.46132 2.0372
0.0410669 1.38345 2.03093
0.0330272 1.29405 2.02736
0.0277146 1.20438 2.02555
0.0237157 1.11585 2.02435
0.0179415 0.91257 2.01579
0.0174266 0.821297 2.00923
0.0185689 0.724145 2.001
0.0230386 0.637323 1.99273
0.0378343 0.479905 1.97255
0.0477682 0.408943 1.96102
0.0696112 0.28784 1.942
0.0823939 0.228127 1.93295
0.0952648 0.169555 1.92413
0.105895 0.122694 1.9174
0.115985 0.0769621 1.91108
0.125376 0.0413597 1.90611
0.136161 0.0153285 1.903
0.15051 -0.00277692 1.90187
0.166825 -0.0128728 1.90235
0.188042 -0.0177416 1.90404
0.211115 -0.0187775 1.90649
0.241768 -0.0162637 1.91113
0.266481 -0.012078 1.91619
0.287611 -0.00710786 1.92312
0.319782 0.00218744 1.94184
0.332428 0.00597487 1.94626
0.346697 0.00988341 1.93681
0.373065 0.0184664 1.8716
0.385083 0.0235588 1.81738
0.398487 0.0326446 1.68315
0.398675 0.0366753 1.61325
0.393886 0.0403027 1.53169
0.387352 0.0433699 1.44627
0.381971 0.0474578 1.35229
0.381179 0.0520677 1.26396
0.387039 0.0584718 1.16058
0.401781 0.0666739 1.04198
0.422971 0.0754087 0.927579
0.450524 0.0846783 0.806662
0.486033 0.0937578 0.675511
0.53446 0.1014 0.533827
0.591998 0.104756 0.414316
0.669524 0.104157 0.301858
0.731445 0.1066 0.280801
0.736015 0.107416 0.272737
0.736031 0.107404 0.272653
0.736011 0.107437 0.27266
0.73601 0.10742 0.272624
0.736015 0.107418 0.272638
0.736003 0.107406 0.27262
0.735998 0.107424 0.272598
0.736 0.107417 0.272606
0.736013 0.107426 0.272598
0.736004 0.107418 0.272587
0.735994 0.107422 0.272583
0.736017 0.107411 0.272572
0.735999 0.107419 0.272571
0.735997 0.107424 0.272572
0.736004 0.10742 0.272564
0.736006 0.107414 0.272567
